5 0.453956 0.383478 0.155217 0.224348
5 0.637217 0.387826 0.159130 0.246957
5 0.857087 0.547826 0.285826 0.521739
5 0.276565 0.422609 0.230870 0.323478
10 0.632652 0.459130 0.019565 0.031304
10 0.605261 0.385217 0.022174 0.029565
7 0.489174 0.426087 0.014348 0.020870
7 0.420043 0.452174 0.016957 0.027826
7 0.473522 0.357391 0.019565 0.026087
4 0.609826 0.790435 0.216522 0.419130
2 0.160478 0.593913 0.105652 0.165217
2 0.510043 0.623478 0.084783 0.147826
2 0.073087 0.885217 0.095217 0.139130
6 0.255043 0.491304 0.046957 0.053913