10 0.705696 0.438261 0.022174 0.027826
10 0.699174 0.367826 0.019565 0.036522
7 0.545261 0.350435 0.011739 0.019130
7 0.510043 0.366957 0.019565 0.020870
7 0.553739 0.293913 0.018261 0.031304
7 0.520478 0.302609 0.016957 0.027826
7 0.572000 0.356522 0.013043 0.024348
7 0.489826 0.380870 0.020870 0.024348
6 0.385478 0.283478 0.041739 0.048696
6 0.346348 0.442609 0.046957 0.060870
6 0.309826 0.389565 0.039130 0.059130
6 0.365913 0.352174 0.039130 0.053913
6 0.291565 0.429565 0.041739 0.048696
0 0.197652 0.301739 0.062609 0.064348
3 0.218522 0.502609 0.070435 0.160000
7 0.262870 0.521739 0.026087 0.034783
7 0.600696 0.651304 0.023478 0.029565
7 0.118087 0.898261 0.036522 0.040000