1 0.653522 0.518261 0.572609 0.518261
3 0.815261 0.360870 0.082174 0.130435
3 0.506783 0.298261 0.122609 0.151304
3 0.853087 0.694783 0.129130 0.161739
3 0.487217 0.653913 0.161739 0.201739
2 0.482652 0.573913 0.076957 0.177391
2 0.883739 0.613043 0.120000 0.151304
2 0.813956 0.304348 0.108261 0.121739
2 0.496348 0.235652 0.091304 0.120000
7 0.827652 0.746087 0.028696 0.038261
7 0.887652 0.747826 0.028696 0.045217
7 0.473522 0.349565 0.022174 0.038261
7 0.547870 0.363478 0.032609 0.041739
7 0.547217 0.308696 0.020870 0.033043
7 0.530913 0.647826 0.032609 0.036522