1 0.664609 0.526957 0.553043 0.504348
2 0.489826 0.569565 0.073043 0.196522
2 0.500913 0.234783 0.097826 0.121739
2 0.817217 0.300870 0.088696 0.128696
2 0.888304 0.621739 0.116087 0.147826
7 0.478087 0.344348 0.026087 0.041739
7 0.549826 0.357391 0.020870 0.040000
7 0.549826 0.311304 0.026087 0.027826
7 0.828304 0.743478 0.032609 0.043478
7 0.886348 0.740870 0.026087 0.031304
3 0.819174 0.360870 0.095217 0.123478
3 0.512652 0.304348 0.097826 0.146087
3 0.859609 0.687826 0.113478 0.158261
3 0.481348 0.647826 0.157826 0.189565