1 0.651565 0.526957 0.584348 0.556522
2 0.503522 0.236522 0.105652 0.111304
2 0.815913 0.319130 0.109565 0.116522
2 0.890261 0.622609 0.120000 0.160000
2 0.485913 0.582609 0.101739 0.184348
3 0.508739 0.305217 0.110870 0.147826
3 0.823087 0.376522 0.084783 0.147826
3 0.861565 0.697391 0.112174 0.163478
3 0.492435 0.655652 0.133043 0.205217
7 0.553087 0.360000 0.022174 0.031304
7 0.482652 0.352174 0.024783 0.046957
7 0.553739 0.313043 0.026087 0.031304
7 0.834174 0.751304 0.026087 0.048696
7 0.887000 0.751304 0.022174 0.045217
6 0.689391 0.168696 0.039130 0.041739