7 0.230955 0.850435 0.041632 0.066087
3 0.320073 0.789565 0.178236 0.313043
3 0.488551 0.262609 0.148313 0.274783
7 0.405938 0.326957 0.032525 0.041739
7 0.530183 0.304348 0.023418 0.045217
7 0.510018 0.379130 0.040331 0.041739
3 0.899664 0.533043 0.132701 0.248696
0 0.213663 0.397906 0.138463 0.244846
7 0.429502 0.260753 0.024211 0.044718
7 0.508434 0.375307 0.024619 0.032420
7 0.797686 0.331022 0.022893 0.031818
10 0.700100 0.213835 0.020303 0.028486
7 0.723966 0.281593 0.017750 0.029227
7 0.699428 0.213929 0.019801 0.030356
7 0.706474 0.265353 0.017488 0.024690
10 0.699061 0.220980 0.023373 0.042466
7 0.709846 0.270351 0.016444 0.023451
7 0.359408 0.922069 0.044290 0.058961
7 0.688247 0.268417 0.015227 0.024569
7 0.668089 0.226517 0.012355 0.022246
7 0.676609 0.190587 0.011680 0.019061
7 0.922797 0.626403 0.022141 0.039718
7 0.671645 0.261069 0.013688 0.024075
7 0.653615 0.262181 0.014565 0.023923
7 0.713875 0.249211 0.012077 0.021794
7 0.853488 0.500477 0.022037 0.036160
7 0.718214 0.286277 0.014758 0.033152
7 0.675468 0.218129 0.012221 0.021736
7 0.673518 0.221296 0.013244 0.025566
