7 0.307238 0.915652 0.025067 0.040000
10 0.316011 0.946087 0.037600 0.048696
10 0.428184 0.708696 0.043867 0.064348
10 0.448864 0.614783 0.027573 0.043478
7 0.535367 0.761838 0.021646 0.036345
7 0.451502 0.609298 0.025927 0.042904
7 0.429086 0.710092 0.033696 0.044194
7 0.311209 0.928441 0.030352 0.047908
7 0.314133 0.945820 0.037047 0.045550
0 0.803847 0.370831 0.035515 0.062138
7 0.826112 0.909114 0.018127 0.034713
0 0.843872 0.399726 0.027669 0.074435
0 0.826499 0.278243 0.023856 0.026477
7 0.324138 0.945499 0.016502 0.051121
10 0.425740 0.688277 0.035020 0.081209
