3 0.333962 0.372520 0.162736 0.225988
3 0.046226 0.572432 0.091981 0.266550
3 0.427712 0.831256 0.159198 0.208604
7 0.164151 0.330026 0.016509 0.028973
4 0.703066 0.373485 0.316038 0.525374
10 0.228653 0.259855 0.016504 0.030660
7 0.240379 0.312335 0.014195 0.025645
7 0.147566 0.323030 0.012021 0.022029
7 0.164543 0.363142 0.012455 0.023172
10 0.139300 0.323265 0.011637 0.022287
7 0.159407 0.295923 0.009522 0.018575
7 0.024095 0.630275 0.018484 0.029831
7 0.070900 0.599183 0.016269 0.034358
7 0.155452 0.378142 0.012177 0.023382
4 0.083493 0.079532 0.165537 0.159064
