2 0.397052 0.545214 0.133255 0.256897
7 0.470165 0.803138 0.034198 0.049324
7 0.365212 0.773338 0.029481 0.055490
7 0.841536 0.825558 0.019323 0.036674
0 0.475176 0.154042 0.017352 0.060414
7 0.475488 0.680547 0.013366 0.032799
7 0.835886 0.830603 0.021157 0.042359
7 0.236982 0.083570 0.010824 0.020692
0 0.476482 0.148190 0.016851 0.040904
7 0.229285 0.102255 0.014232 0.024635
0 0.518959 0.113686 0.032810 0.059986
0 0.492630 0.255761 0.013008 0.086397
7 0.232766 0.100345 0.014208 0.023819
7 0.262717 0.061286 0.016489 0.033210
7 0.246396 0.062960 0.010307 0.020262
7 0.236062 0.159463 0.012190 0.026674
7 0.247575 0.066405 0.010779 0.023184
7 0.236152 0.094857 0.010350 0.024242
0 0.663316 0.174699 0.014440 0.074183
0 0.674030 0.174470 0.020805 0.083362
7 0.271738 0.155640 0.016032 0.040661
7 0.257235 0.067204 0.011906 0.032562
