7 0.475472 0.141008 0.018868 0.030634
7 0.448939 0.276946 0.022406 0.034463
7 0.443042 0.121861 0.020047 0.030634
7 0.429481 0.243440 0.018868 0.032549
7 0.458373 0.223337 0.020047 0.034463
0 0.752594 0.252056 0.089623 0.061268
0 0.646462 0.284605 0.040094 0.103390
0 0.788561 0.410013 0.022406 0.109134
0 0.617571 0.348745 0.027123 0.109134
7 0.464858 0.657957 0.018868 0.045951
0 0.617331 0.339556 0.018813 0.065767
7 0.540658 0.865978 0.025500 0.043641
2 0.513419 0.650032 0.099456 0.223912
7 0.464777 0.180576 0.016965 0.029829
7 0.446906 0.823382 0.019449 0.037790
0 0.777794 0.411304 0.021634 0.107924
7 0.448006 0.194794 0.012962 0.021836
7 0.462044 0.150685 0.011599 0.021546
7 0.461774 0.729179 0.017305 0.039231
7 0.442183 0.206599 0.010522 0.022824
7 0.461013 0.238588 0.021775 0.038036
0 0.777616 0.416470 0.014148 0.087709
7 0.422653 0.220646 0.012574 0.032681
7 0.466962 0.202589 0.017034 0.026214
7 0.430730 0.275364 0.018977 0.030066
7 0.430494 0.267196 0.020276 0.033656
0 0.992861 0.818529 0.014277 0.095534
7 0.407365 0.158977 0.011748 0.020567
7 0.421577 0.126882 0.015360 0.028075
7 0.397789 0.174107 0.011416 0.021028
7 0.429686 0.255834 0.021071 0.043240
7 0.440178 0.174039 0.010856 0.023843
0 0.666942 0.219646 0.053429 0.035086
7 0.434991 0.214497 0.012613 0.027952
7 0.424710 0.166503 0.012888 0.026406
7 0.466103 0.279293 0.015194 0.028416
7 0.463907 0.205950 0.016320 0.026212
7 0.438469 0.209413 0.015135 0.029082
10 0.460963 0.723554 0.019067 0.058078
0 0.632848 0.448241 0.013624 0.066459
7 0.476058 0.652801 0.013967 0.054887
