6 0.487264 0.286410 0.021226 0.036791
7 0.479043 0.074958 0.010978 0.022442
6 0.437357 0.283728 0.018419 0.033115
7 0.476632 0.115540 0.013889 0.025062
7 0.435294 0.083343 0.010405 0.020024
6 0.454395 0.302837 0.016145 0.029050
7 0.033676 0.906210 0.012012 0.036756
7 0.437064 0.087859 0.012303 0.024179
6 0.476963 0.304141 0.020076 0.035475
7 0.446719 0.064605 0.011338 0.022254
7 0.451142 0.124670 0.011960 0.019927
7 0.044316 0.906030 0.012942 0.027972
6 0.479031 0.298480 0.015927 0.022249
7 0.422187 0.126385 0.015208 0.026887
7 0.023580 0.908148 0.012442 0.030127
7 0.061594 0.889263 0.012388 0.028074
7 0.462937 0.061155 0.008775 0.017467
7 0.430480 0.121284 0.009204 0.017043
7 0.054747 0.883508 0.015907 0.027796
7 0.418654 0.132126 0.009094 0.017356
6 0.435746 0.319456 0.014155 0.021984
7 0.039001 0.905770 0.015519 0.029450
7 0.472061 0.111941 0.012115 0.022414
7 0.447274 0.143947 0.012166 0.020977
7 0.057579 0.891022 0.017386 0.036644
7 0.085164 0.869345 0.009156 0.019232
7 0.497391 0.074053 0.009615 0.016661
7 0.456247 0.106443 0.009005 0.018293
7 0.470944 0.116893 0.009635 0.020579
7 0.602807 0.303688 0.009206 0.023809
7 0.053503 0.896211 0.010514 0.021450
6 0.448092 0.258990 0.016122 0.030920
7 0.089178 0.892777 0.009437 0.019327
