3 0.449001 0.490435 0.136238 0.250435
4 0.592473 0.709565 0.261625 0.580870
3 0.088513 0.427826 0.126593 0.243478
7 0.265743 0.319130 0.013262 0.029565
7 0.399126 0.551585 0.025416 0.036692
10 0.346973 0.322266 0.017659 0.027785
7 0.273053 0.270654 0.014858 0.023277
10 0.352531 0.340972 0.015269 0.022102
7 0.241083 0.349556 0.017346 0.026339
10 0.382943 0.344052 0.017256 0.026541
7 0.255599 0.286168 0.014397 0.022111
7 0.280943 0.349846 0.013678 0.020886
7 0.408159 0.476649 0.019335 0.035148
7 0.290213 0.332030 0.013980 0.021264
3 0.030403 0.785966 0.060788 0.196406
4 0.801049 0.713341 0.224067 0.569825
3 0.070829 0.479184 0.119124 0.176342
0 0.494996 0.086217 0.014222 0.046521
7 0.112296 0.480662 0.020788 0.032127
7 0.296855 0.267330 0.012110 0.020942
7 0.274298 0.365976 0.012709 0.021877
7 0.288212 0.267380 0.013470 0.021426
