2 0.437000 0.346087 0.084783 0.125217
2 0.133087 0.426957 0.069130 0.126957
1 0.318956 0.634783 0.516522 0.504348
2 0.078304 0.820000 0.121304 0.165217
3 0.121348 0.800000 0.103043 0.121739
3 0.142870 0.485217 0.067826 0.156522
3 0.429174 0.407826 0.105652 0.154783
5 0.049261 0.422609 0.098522 0.222609
2 0.478481 0.639045 0.083432 0.162660
5 0.660765 0.208840 0.176955 0.238206
7 0.434529 0.708743 0.023381 0.032472
5 0.166373 0.285212 0.113579 0.166257
6 0.499965 0.257880 0.028620 0.034959
5 0.500319 0.277813 0.155442 0.224552
