3 0.588304 0.689565 0.147391 0.182609
2 0.914391 0.659130 0.087391 0.135652
2 0.896783 0.750435 0.078261 0.099130
6 0.478739 0.402609 0.043043 0.057391
6 0.444826 0.373043 0.037826 0.053913
6 0.495696 0.338261 0.035217 0.067826
5 0.463087 0.377391 0.220435 0.375652
5 0.348304 0.226087 0.155217 0.208696
5 0.750696 0.506957 0.114783 0.241739
5 0.652217 0.431304 0.181304 0.215652
5 0.862870 0.704348 0.224348 0.441739
3 0.100478 0.746087 0.147391 0.205217
1 0.331117 0.699938 0.591136 0.598448
6 0.458453 0.327170 0.035161 0.040738
10 0.662575 0.444206 0.018346 0.025086
4 0.679272 0.080849 0.417160 0.161698
6 0.402761 0.418109 0.034590 0.038777
10 0.747640 0.527904 0.017136 0.024489
7 0.612710 0.450382 0.016752 0.023441
6 0.451471 0.454685 0.041112 0.038746
