6 0.290913 0.382609 0.053478 0.062609
3 0.202217 0.513043 0.082174 0.160000
2 0.183304 0.451304 0.086087 0.144348
2 0.545913 0.556522 0.073043 0.146087
2 0.947652 0.432174 0.091304 0.147826
2 0.929391 0.673043 0.096522 0.149565
4 0.628739 0.773043 0.189130 0.453913
7 0.472870 0.373043 0.015652 0.029565
2 0.078936 0.788165 0.110130 0.149013
6 0.324815 0.288623 0.040801 0.052987
5 0.878354 0.531286 0.243080 0.557250
7 0.589823 0.636730 0.022157 0.031495
5 0.322788 0.323519 0.247564 0.355937
6 0.371470 0.277939 0.039311 0.048236
6 0.331106 0.441187 0.047060 0.058209
7 0.510183 0.378474 0.019220 0.024999
7 0.690562 0.415262 0.022142 0.029614
7 0.511219 0.610635 0.017159 0.026658
7 0.527361 0.338080 0.015691 0.021178
6 0.279312 0.429624 0.044087 0.050442
7 0.520048 0.359897 0.014992 0.019095
0 0.179878 0.305482 0.057452 0.072312
10 0.684255 0.346624 0.018689 0.027259
7 0.494462 0.319137 0.018198 0.025584
7 0.534093 0.283299 0.016594 0.023628
10 0.690479 0.415552 0.022436 0.031364
10 0.721323 0.389530 0.022189 0.029214
7 0.255634 0.522884 0.024762 0.035536
10 0.670636 0.374256 0.027760 0.031293
7 0.721323 0.389000 0.022421 0.029488
2 0.498251 0.988538 0.092906 0.022924
2 0.990847 0.811562 0.018307 0.071031
7 0.121872 0.912997 0.027784 0.037849
7 0.494365 0.355602 0.017173 0.021846
7 0.501244 0.291858 0.015855 0.022301
6 0.347099 0.348122 0.039054 0.056102
7 0.540943 0.378936 0.016090 0.021244
2 0.990597 0.786438 0.018694 0.148995
10 0.668872 0.381517 0.030193 0.048684
7 0.500278 0.329338 0.012448 0.015388
