1 0.653522 0.518261 0.572609 0.518261
3 0.815261 0.360870 0.082174 0.130435
3 0.506783 0.298261 0.122609 0.151304
3 0.853087 0.694783 0.129130 0.161739
3 0.487217 0.653913 0.161739 0.201739
2 0.482652 0.573913 0.076957 0.177391
2 0.883739 0.613043 0.120000 0.151304
2 0.813956 0.304348 0.108261 0.121739
2 0.496348 0.235652 0.091304 0.120000
7 0.827652 0.746087 0.028696 0.038261
7 0.887652 0.747826 0.028696 0.045217
7 0.473522 0.349565 0.022174 0.038261
7 0.547870 0.363478 0.032609 0.041739
7 0.547217 0.308696 0.020870 0.033043
7 0.530913 0.647826 0.032609 0.036522
7 0.545638 0.356044 0.022778 0.028898
7 0.445311 0.630795 0.021302 0.031519
7 0.792638 0.405133 0.021126 0.028772
6 0.683659 0.158322 0.036695 0.045167
0 0.464249 0.071521 0.020518 0.056196
7 0.444426 0.627264 0.029295 0.043640
7 0.843199 0.416880 0.019735 0.027107
7 0.477928 0.301365 0.018925 0.030245
6 0.693652 0.198555 0.034272 0.041689
0 0.516889 0.051207 0.032171 0.032631
6 0.669584 0.186708 0.033285 0.038020
0 0.511128 0.059058 0.027135 0.051627
7 0.475458 0.336837 0.030254 0.054519
