2 0.951000 0.440870 0.098000 0.165217
4 0.627435 0.762609 0.142174 0.474782
2 0.553254 0.565871 0.077517 0.148457
3 0.206297 0.500039 0.079832 0.148109
6 0.301348 0.379833 0.045815 0.060502
6 0.333919 0.281922 0.041417 0.054025
2 0.934926 0.681310 0.096067 0.152573
7 0.482948 0.368359 0.017133 0.024751
2 0.078071 0.779027 0.110933 0.145441
2 0.188698 0.445542 0.084875 0.132427
6 0.337668 0.435225 0.046444 0.056077
5 0.879973 0.534913 0.239936 0.557616
5 0.327126 0.320301 0.246997 0.363808
10 0.730166 0.394961 0.023252 0.030176
7 0.594887 0.636998 0.022335 0.033076
6 0.284908 0.421451 0.045966 0.053131
7 0.516345 0.609234 0.020316 0.028679
7 0.518138 0.377009 0.016843 0.023857
6 0.380059 0.271544 0.039285 0.047643
10 0.693680 0.350649 0.018675 0.026902
7 0.504533 0.316996 0.017764 0.024732
0 0.187328 0.293808 0.058347 0.070364
7 0.699449 0.419181 0.022099 0.031303
7 0.529063 0.358634 0.014960 0.020350
7 0.544026 0.282379 0.017207 0.025016
7 0.730220 0.395165 0.023327 0.029838
7 0.536712 0.337411 0.015665 0.021085
10 0.699341 0.419396 0.022500 0.031124
7 0.534683 0.372669 0.014092 0.018787
2 0.990206 0.821351 0.019473 0.057054
7 0.258283 0.516215 0.023414 0.033772
6 0.354497 0.342299 0.040202 0.055120
7 0.502711 0.353385 0.016308 0.020215
2 0.500013 0.988166 0.084027 0.023668
10 0.676218 0.391367 0.025011 0.034474
7 0.550491 0.378376 0.016495 0.022859
7 0.650783 0.411434 0.013204 0.022932
2 0.991019 0.430416 0.017962 0.113320
7 0.563925 0.342322 0.016692 0.021653
