0 0.451348 0.624000 0.100435 0.055652
2 0.793401 0.554512 0.091510 0.159017
6 0.489217 0.543055 0.049991 0.053922
2 0.858207 0.963514 0.165427 0.072972
6 0.486679 0.391065 0.042774 0.055796
7 0.841136 0.677590 0.030234 0.038687
7 0.690847 0.303499 0.017424 0.025467
6 0.551791 0.535560 0.048843 0.061446
6 0.509358 0.490048 0.046524 0.063502
6 0.233155 0.617614 0.227415 0.334541
7 0.753644 0.619428 0.020489 0.030320
4 0.331092 0.060696 0.427982 0.121186
7 0.764650 0.693927 0.028620 0.036373
3 0.846478 0.960587 0.189569 0.078826
7 0.680179 0.395768 0.017089 0.022600
