4 0.526348 0.777391 0.106957 0.445217
2 0.480099 0.582077 0.072758 0.142858
2 0.075721 0.680287 0.091956 0.158651
10 0.112448 0.465551 0.017728 0.027069
5 0.528789 0.462006 0.188437 0.290928
5 0.706030 0.391191 0.200554 0.286043
10 0.086034 0.504751 0.022882 0.031455
5 0.107338 0.466653 0.137141 0.244494
6 0.513950 0.424323 0.029702 0.042867
10 0.092272 0.531857 0.023349 0.029159
10 0.138518 0.504641 0.020185 0.026207
2 0.974304 0.026465 0.050824 0.052931
2 0.601779 0.955913 0.087159 0.088173
3 0.083642 0.743818 0.106666 0.206185
1 0.360183 0.796612 0.684367 0.391840
