7 0.426565 0.477913 0.022174 0.027826
3 0.477706 0.478800 0.109328 0.197492
7 0.824558 0.448303 0.022600 0.030991
0 0.393726 0.096375 0.057974 0.052196
0 0.374900 0.135566 0.025196 0.077658
0 0.449755 0.161749 0.030491 0.115466
6 0.639057 0.113740 0.048405 0.059709
2 0.694803 0.237154 0.047501 0.068234
7 0.525107 0.471190 0.018830 0.028138
7 0.881359 0.858573 0.025401 0.033780
0 0.450709 0.067917 0.049358 0.048104
0 0.440008 0.088096 0.031407 0.078048
3 0.935666 0.862312 0.115464 0.164560
0 0.447600 0.083014 0.047360 0.076762
5 0.412702 0.144229 0.210054 0.288457
