7 0.430478 0.478783 0.024783 0.033043
3 0.482932 0.482972 0.111205 0.199757
7 0.827686 0.451998 0.022355 0.031872
0 0.400502 0.099289 0.055057 0.050649
0 0.456482 0.164467 0.032363 0.114233
7 0.530992 0.472124 0.019352 0.030083
0 0.382229 0.137057 0.024960 0.077513
7 0.883607 0.863380 0.025194 0.034431
0 0.459695 0.069696 0.045621 0.044713
6 0.645843 0.117986 0.050243 0.060382
3 0.937666 0.865973 0.118142 0.162800
2 0.699965 0.239706 0.048435 0.068635
5 0.422023 0.144823 0.209703 0.289645
0 0.447705 0.090514 0.031580 0.078600
