6 0.350913 0.404870 0.053478 0.062609
6 0.261565 0.484870 0.052174 0.062609
3 0.158522 0.626609 0.104348 0.189565
7 0.206365 0.613222 0.028788 0.040245
6 0.277421 0.307848 0.048160 0.048573
5 0.326274 0.367980 0.232672 0.471642
6 0.328112 0.285302 0.049590 0.064117
6 0.367630 0.300728 0.046239 0.059744
0 0.144846 0.262209 0.022775 0.072531
4 0.586109 0.762004 0.114468 0.464755
7 0.554112 0.382621 0.019553 0.027419
6 0.298849 0.388451 0.049052 0.065355
6 0.341169 0.512110 0.050577 0.042223
7 0.514309 0.283362 0.016708 0.024824
2 0.299264 0.386785 0.046752 0.063139
2 0.847813 0.390651 0.077888 0.114178
7 0.524811 0.613685 0.023917 0.036976
6 0.382981 0.458233 0.037107 0.041415
7 0.559138 0.358654 0.021134 0.027351
