6 0.598739 0.620870 0.037826 0.052174
2 0.110913 0.663478 0.076957 0.137391
3 0.127870 0.731304 0.095217 0.175652
6 0.577716 0.531248 0.033986 0.047373
5 0.557939 0.542876 0.168294 0.266490
5 0.725691 0.497728 0.178226 0.271181
2 0.504685 0.642809 0.069848 0.131249
10 0.168933 0.473661 0.017039 0.027168
10 0.138955 0.505104 0.022150 0.029890
5 0.162615 0.476019 0.141594 0.219885
6 0.547842 0.508474 0.028470 0.040696
6 0.578120 0.603038 0.030960 0.039896
5 0.020705 0.544290 0.041410 0.294944
10 0.143731 0.532323 0.018196 0.023496
6 0.549419 0.585210 0.032461 0.044944
2 0.583429 0.978385 0.092825 0.043230
6 0.556153 0.619102 0.030141 0.042997
6 0.566522 0.553910 0.019406 0.027542
10 0.169715 0.512476 0.018521 0.025845
10 0.189553 0.516675 0.017514 0.023647
