7 0.206130 0.578783 0.032609 0.041739
4 0.562630 0.788240 0.108367 0.416026
6 0.266289 0.278650 0.045587 0.049286
3 0.564766 0.554571 0.094783 0.147425
7 0.590570 0.628527 0.028171 0.038083
3 0.158833 0.582528 0.096164 0.175791
6 0.256080 0.449216 0.054587 0.051035
5 0.314575 0.333815 0.222195 0.432937
7 0.531112 0.334273 0.018699 0.025804
6 0.312568 0.256697 0.046703 0.063192
7 0.526366 0.243393 0.017826 0.027270
6 0.337735 0.368271 0.048661 0.066008
7 0.511254 0.563457 0.021832 0.031851
2 0.825250 0.331025 0.079443 0.113058
0 0.139244 0.244894 0.021344 0.065483
7 0.490787 0.242971 0.016589 0.024858
2 0.287420 0.352537 0.044058 0.057287
6 0.286852 0.353492 0.045772 0.060050
6 0.330308 0.460840 0.045492 0.035980
