7 0.206130 0.572696 0.024783 0.046957
4 0.562346 0.788674 0.109998 0.415715
6 0.266719 0.272857 0.045940 0.052862
3 0.564683 0.551199 0.094459 0.146393
5 0.313195 0.327979 0.222167 0.435768
7 0.591601 0.625396 0.026486 0.034716
3 0.158477 0.577357 0.096473 0.173255
6 0.312773 0.251629 0.047020 0.060976
7 0.531388 0.330963 0.018242 0.024941
6 0.254754 0.444980 0.058972 0.050460
7 0.511667 0.559706 0.022640 0.032892
6 0.337555 0.364489 0.048287 0.066125
2 0.824173 0.326552 0.078049 0.110749
0 0.138819 0.241552 0.021129 0.065138
2 0.287500 0.348957 0.044123 0.060691
7 0.526767 0.240435 0.017427 0.025463
7 0.491113 0.239988 0.015034 0.024278
6 0.331504 0.458112 0.046179 0.035560
7 0.531921 0.261857 0.016568 0.023223
6 0.288155 0.347114 0.043734 0.060354
