5 0.528956 0.458261 0.182609 0.293913
5 0.112217 0.477391 0.126522 0.245217
5 0.702986 0.403850 0.192023 0.275669
2 0.080701 0.676633 0.087924 0.150997
4 0.525605 0.778910 0.101716 0.440491
6 0.516169 0.431931 0.030198 0.039765
6 0.550399 0.453186 0.035557 0.048299
10 0.118753 0.467069 0.019686 0.027981
6 0.525400 0.515090 0.032296 0.045490
2 0.484623 0.584122 0.066685 0.142827
10 0.098018 0.532877 0.023360 0.027836
6 0.555389 0.527340 0.031223 0.041393
2 0.604716 0.951722 0.098973 0.096302
6 0.535096 0.547180 0.027383 0.041215
6 0.577948 0.549760 0.037350 0.050577
10 0.091884 0.505687 0.023832 0.031880
3 0.089879 0.739394 0.097701 0.200818
