0 0.522435 0.376522 0.026087 0.071304
0 0.465696 0.342609 0.037826 0.100870
0 0.523739 0.337391 0.026087 0.083478
0 0.492435 0.420870 0.088696 0.031304
6 0.668522 0.539130 0.057391 0.069565
6 0.728522 0.509565 0.049565 0.069565
6 0.688087 0.397391 0.039130 0.046957
6 0.682217 0.587826 0.043043 0.069565
7 0.463739 0.595652 0.023478 0.040000
7 0.808739 0.813913 0.032609 0.048696
7 0.862870 0.821739 0.036522 0.036522
2 0.857000 0.711304 0.092609 0.139130
2 0.495043 0.584348 0.073043 0.160000
3 0.832265 0.772504 0.089342 0.134368
6 0.706708 0.542762 0.043257 0.061491
7 0.460144 0.632963 0.019574 0.031654
6 0.650933 0.407441 0.043396 0.057312
4 0.597434 0.779147 0.188553 0.439076
4 0.660482 0.777826 0.326166 0.442412
0 0.498381 0.340008 0.027435 0.076861
5 0.493315 0.346640 0.180886 0.272761
6 0.636999 0.573795 0.042450 0.062525
0 0.450937 0.404168 0.047068 0.056247
7 0.538749 0.661783 0.017998 0.027470
0 0.516601 0.408687 0.036898 0.021488
6 0.703152 0.549100 0.036381 0.041919
6 0.667176 0.546203 0.039164 0.041928
2 0.681526 0.592183 0.051173 0.066945
2 0.666449 0.538333 0.048783 0.065770
