4 0.551130 0.766087 0.114783 0.467826
5 0.728858 0.373870 0.193587 0.285933
2 0.093287 0.651890 0.089228 0.145615
5 0.551644 0.441231 0.188605 0.281071
2 0.619301 0.948329 0.085017 0.103342
6 0.538997 0.399971 0.034609 0.045559
5 0.126057 0.442644 0.142413 0.243720
2 0.500137 0.556002 0.066218 0.149513
10 0.131341 0.442021 0.017531 0.026731
6 0.578446 0.501212 0.035876 0.043757
6 0.546950 0.487296 0.037489 0.045153
6 0.573773 0.423904 0.038422 0.050465
10 0.109522 0.510554 0.023876 0.028121
3 0.102680 0.713419 0.104851 0.198089
10 0.104403 0.482991 0.025433 0.032278
6 0.600109 0.523727 0.040318 0.051678
6 0.556014 0.519877 0.030791 0.044569
