2 0.795043 0.596522 0.078261 0.100870
2 0.557000 0.784348 0.103043 0.146087
2 0.170261 0.764348 0.091304 0.140870
6 0.317652 0.674783 0.041739 0.052174
4 0.363936 0.129069 0.630066 0.249990
7 0.590653 0.886897 0.025082 0.032502
0 0.189632 0.527008 0.021857 0.074117
7 0.238902 0.812184 0.024490 0.037367
0 0.168002 0.587479 0.068774 0.043799
7 0.524914 0.893035 0.024329 0.031172
6 0.386264 0.640755 0.041539 0.054235
0 0.172414 0.578868 0.063124 0.042281
7 0.493681 0.546210 0.015268 0.022125
7 0.234474 0.879290 0.026875 0.034750
6 0.353976 0.722243 0.045331 0.053422
7 0.161281 0.862361 0.022949 0.030824
6 0.304574 0.567228 0.039069 0.051959
7 0.504358 0.597047 0.012879 0.017520
6 0.340614 0.552905 0.034624 0.047375
6 0.366474 0.676021 0.037180 0.046642
7 0.534226 0.606801 0.013746 0.019039
7 0.530839 0.621141 0.014174 0.019762
3 0.554151 0.844034 0.109456 0.154048
6 0.295033 0.715256 0.046279 0.050013
7 0.526936 0.596526 0.010203 0.013993
