6 0.302652 0.377391 0.050870 0.059130
0 0.186565 0.295652 0.056087 0.066087
3 0.202870 0.499130 0.093913 0.142609
2 0.189174 0.445217 0.087391 0.121739
5 0.877957 0.540870 0.244086 0.584348
2 0.554245 0.565772 0.078167 0.149832
4 0.635966 0.767250 0.168032 0.459167
6 0.335427 0.280939 0.043384 0.056001
7 0.485194 0.368094 0.018575 0.025864
2 0.953160 0.447804 0.093648 0.155988
2 0.078186 0.778821 0.110035 0.147603
2 0.935771 0.683728 0.095620 0.150825
6 0.339037 0.434487 0.047003 0.057809
7 0.595402 0.637085 0.021980 0.033285
7 0.701583 0.419493 0.022202 0.031562
6 0.286905 0.419465 0.044258 0.053110
7 0.517901 0.609352 0.018833 0.025447
5 0.326759 0.319573 0.245418 0.362191
7 0.520316 0.376415 0.017716 0.025630
10 0.695609 0.351279 0.018287 0.027187
7 0.732150 0.395988 0.021988 0.029211
7 0.531270 0.359141 0.014146 0.019288
6 0.381529 0.270459 0.039046 0.046011
7 0.506132 0.316482 0.019338 0.026160
7 0.546386 0.283025 0.017600 0.025402
7 0.539235 0.336868 0.016073 0.021669
10 0.732232 0.395755 0.022042 0.028904
10 0.702029 0.420439 0.022757 0.031418
2 0.990100 0.822850 0.019637 0.057700
7 0.652708 0.411361 0.013641 0.023106
2 0.502459 0.987689 0.081183 0.024622
7 0.553321 0.378575 0.017272 0.022064
6 0.357179 0.340465 0.040941 0.052230
2 0.991167 0.431871 0.017663 0.115384
7 0.259935 0.514896 0.022375 0.032864
10 0.717809 0.385596 0.019555 0.025918
10 0.680198 0.385706 0.030117 0.047976
7 0.513381 0.286390 0.016339 0.026678
10 0.677921 0.392668 0.024094 0.032636
