7 0.463739 0.570087 0.020870 0.024348
7 0.528079 0.764644 0.021893 0.029603
2 0.836232 0.463924 0.083594 0.108442
2 0.790612 0.385193 0.079111 0.111656
7 0.620923 0.788904 0.024450 0.031596
3 0.576856 0.749193 0.116227 0.176098
7 0.551217 0.827957 0.024921 0.032462
7 0.451088 0.573679 0.015276 0.020781
4 0.249150 0.157297 0.494503 0.314315
7 0.268699 0.947537 0.030606 0.036287
7 0.465193 0.535750 0.014073 0.019263
7 0.457239 0.560584 0.012987 0.018734
7 0.466546 0.558132 0.012572 0.019317
7 0.469227 0.556062 0.015110 0.022122
7 0.428162 0.545218 0.016407 0.021440
