7 0.579174 0.624000 0.030000 0.041739
4 0.533208 0.786995 0.106925 0.417420
6 0.249787 0.272111 0.045382 0.053815
6 0.321038 0.363019 0.047657 0.063724
6 0.295754 0.250821 0.046368 0.055598
7 0.191542 0.574775 0.027995 0.039160
3 0.550346 0.548069 0.091434 0.149464
7 0.497648 0.557000 0.021795 0.034289
5 0.297826 0.326244 0.217540 0.429933
3 0.142687 0.576378 0.095909 0.174275
0 0.122550 0.245061 0.019612 0.064038
2 0.810867 0.321153 0.079550 0.110513
7 0.515402 0.327726 0.018327 0.025264
2 0.270622 0.349795 0.043923 0.058087
7 0.474501 0.237941 0.016097 0.024920
7 0.509998 0.237762 0.017440 0.024988
6 0.239788 0.446792 0.056109 0.050314
6 0.314322 0.455617 0.047734 0.036434
7 0.489314 0.292737 0.014134 0.018888
