4 0.498304 0.779130 0.170870 0.441739
2 0.076657 0.680529 0.085750 0.157120
6 0.550848 0.466649 0.035874 0.049070
2 0.485565 0.596572 0.075903 0.143091
6 0.516572 0.443057 0.030888 0.041539
10 0.117664 0.468425 0.018563 0.025612
2 0.598602 0.961508 0.099131 0.076984
5 0.530785 0.485019 0.185354 0.283779
5 0.704067 0.416825 0.193578 0.278290
6 0.556368 0.541130 0.034589 0.045799
6 0.525677 0.525382 0.032914 0.044927
10 0.094955 0.535238 0.022343 0.027038
5 0.111422 0.469341 0.139024 0.244072
7 0.095203 0.534502 0.022773 0.031893
10 0.090158 0.506611 0.022823 0.030828
6 0.578224 0.562658 0.037676 0.050997
6 0.535271 0.559299 0.027362 0.042320
3 0.086139 0.740138 0.099832 0.201239
10 0.142063 0.509233 0.017780 0.023689
6 0.438918 0.949142 0.038699 0.050362
6 0.566291 0.549426 0.023274 0.044420
