2 0.089391 0.686087 0.086087 0.151304
6 0.524955 0.433693 0.032906 0.043704
6 0.558779 0.456807 0.037129 0.048299
10 0.125298 0.476891 0.018183 0.026257
6 0.534746 0.518077 0.033061 0.043531
4 0.540139 0.781241 0.115208 0.436449
6 0.587170 0.551365 0.038816 0.052409
5 0.539581 0.469838 0.185080 0.273978
6 0.565784 0.531252 0.033107 0.044142
10 0.099053 0.515910 0.022900 0.030609
2 0.487849 0.591020 0.069844 0.145249
6 0.544106 0.551373 0.027716 0.040182
5 0.715054 0.401944 0.207094 0.280487
5 0.118738 0.477529 0.138246 0.238716
10 0.104704 0.543958 0.022942 0.027828
5 0.009852 0.589241 0.018988 0.161083
6 0.549431 0.428110 0.028478 0.037305
10 0.150159 0.515725 0.019845 0.025082
3 0.097272 0.749520 0.104495 0.207518
