6 0.979043 0.356522 0.041913 0.076522
6 0.948304 0.220870 0.053478 0.059130
6 0.899391 0.190435 0.044348 0.053913
6 0.921565 0.301739 0.046957 0.060870
2 0.862870 0.410435 0.078261 0.187826
2 0.372916 0.535142 0.102454 0.153899
10 0.380530 0.347756 0.023889 0.032720
5 0.904894 0.256025 0.190212 0.376075
10 0.408974 0.296464 0.019062 0.029266
5 0.395760 0.301566 0.179827 0.285434
7 0.378932 0.347915 0.024303 0.034516
6 0.397057 0.534479 0.033516 0.066642
7 0.434287 0.372384 0.025386 0.033414
5 0.235331 0.472237 0.169215 0.265269
10 0.415642 0.341636 0.022571 0.029956
7 0.387200 0.374692 0.025477 0.031296
7 0.456706 0.523280 0.026067 0.034788
10 0.383568 0.396741 0.022089 0.025294
10 0.385394 0.374119 0.024100 0.029262
10 0.414639 0.327416 0.020554 0.024395
3 0.850351 0.498352 0.121817 0.199089
7 0.428128 0.374195 0.019637 0.032884
6 0.958168 0.322943 0.040767 0.057292
6 0.930680 0.347366 0.044359 0.063208
