7 0.501565 0.705217 0.023478 0.040000
2 0.535478 0.722609 0.101739 0.210435
3 0.460478 0.377391 0.131739 0.135652
3 0.100478 0.798261 0.110870 0.180870
2 0.746783 0.091304 0.091304 0.109565
2 0.105043 0.393043 0.086087 0.139130
2 0.064609 0.744348 0.106957 0.156522
2 0.437000 0.311304 0.092609 0.125217
2 0.795043 0.271304 0.083478 0.121739
7 0.511742 0.425977 0.029502 0.038103
7 0.436818 0.436745 0.030572 0.038539
1 0.307277 0.624940 0.583328 0.584748
7 0.112589 0.499754 0.021978 0.031372
7 0.166547 0.489385 0.023933 0.034969
7 0.176180 0.427910 0.021654 0.034811
7 0.505362 0.368842 0.027158 0.041253
7 0.384450 0.111959 0.016051 0.025347
7 0.358925 0.143437 0.017096 0.023730
6 0.194073 0.274383 0.049942 0.065832
7 0.427268 0.392666 0.023643 0.035059
