7 0.355478 0.397391 0.020870 0.029565
7 0.366565 0.356522 0.027391 0.027826
7 0.772870 0.824348 0.013043 0.027826
7 0.758522 0.888696 0.023478 0.034783
7 0.799609 0.910435 0.014348 0.022609
3 0.802870 0.853913 0.083478 0.132174
2 0.843304 0.826957 0.088696 0.102609
2 0.555043 0.599130 0.104348 0.193043
7 0.341210 0.390224 0.014393 0.022923
7 0.684818 0.515996 0.022618 0.031978
7 0.318161 0.283715 0.015337 0.021992
7 0.321933 0.322107 0.014450 0.019110
10 0.654136 0.478355 0.019765 0.027382
7 0.356752 0.419427 0.015442 0.021563
7 0.295898 0.348782 0.017086 0.022746
10 0.670951 0.441365 0.016058 0.029628
7 0.381863 0.325457 0.013909 0.021808
10 0.686014 0.516394 0.022018 0.030014
7 0.335987 0.269809 0.014310 0.020661
7 0.654153 0.479144 0.019170 0.028487
7 0.311815 0.338132 0.015483 0.023396
7 0.366501 0.300565 0.014072 0.021110
7 0.367565 0.318454 0.013647 0.019947
7 0.306949 0.380869 0.015901 0.022470
7 0.350923 0.379408 0.015317 0.024158
7 0.355943 0.410495 0.016918 0.034526
7 0.664000 0.516033 0.024583 0.031243
5 0.689618 0.460322 0.165832 0.276095
7 0.346707 0.343774 0.013214 0.019061
7 0.323244 0.351752 0.013685 0.018938
7 0.391443 0.258532 0.014053 0.021625
7 0.401894 0.263729 0.014037 0.021768
7 0.335417 0.323660 0.014098 0.019827
7 0.293515 0.314379 0.015113 0.019806
6 0.468706 0.084905 0.182834 0.169809
7 0.314634 0.300388 0.014524 0.019071
7 0.344963 0.287344 0.012862 0.018765
7 0.298941 0.328299 0.014307 0.021893
7 0.338520 0.351576 0.012120 0.016912
7 0.370615 0.267201 0.013142 0.019804
7 0.337813 0.297337 0.013652 0.018460
7 0.327144 0.398697 0.012136 0.018573
7 0.341290 0.348350 0.010479 0.017944
7 0.336840 0.251139 0.015120 0.020959
7 0.358641 0.261871 0.016248 0.022179
7 0.359382 0.290981 0.013262 0.017778
7 0.643084 0.495308 0.021246 0.028742
7 0.314269 0.360830 0.014563 0.021623
7 0.349353 0.368602 0.013476 0.017367
7 0.400991 0.309161 0.013801 0.019762
10 0.683806 0.495331 0.021672 0.029765
7 0.391083 0.264680 0.014429 0.025971
7 0.288579 0.363391 0.011378 0.018611
7 0.338042 0.355650 0.012740 0.018382
7 0.334625 0.341844 0.012332 0.020392
7 0.345902 0.316382 0.013661 0.020598
7 0.415053 0.281805 0.012522 0.019044
7 0.292480 0.372684 0.013264 0.018118
7 0.355899 0.318088 0.012975 0.018385
7 0.319619 0.375327 0.012491 0.016788
7 0.333881 0.289719 0.014821 0.024049
7 0.352673 0.278409 0.011446 0.017211
7 0.322895 0.387078 0.012480 0.018462
