3 0.482000 0.742261 0.109565 0.194783
7 0.435807 0.710328 0.022963 0.033675
7 0.451959 0.318333 0.022095 0.031251
7 0.449219 0.379623 0.025662 0.035055
3 0.146132 0.305045 0.081361 0.159128
3 0.060105 0.675437 0.114536 0.188306
7 0.118282 0.364344 0.021205 0.029961
7 0.524409 0.388749 0.029185 0.032698
3 0.488812 0.314550 0.103302 0.175039
2 0.839747 0.249392 0.083262 0.111370
2 0.987226 0.110831 0.025547 0.133518
2 0.044824 0.011153 0.075002 0.022306
7 0.458307 0.045370 0.014474 0.022698
2 0.826990 0.153584 0.088887 0.114872
