2 0.112217 0.654783 0.082174 0.147826
10 0.133087 0.501739 0.016957 0.033043
5 0.723485 0.492184 0.180737 0.267680
6 0.544933 0.498694 0.032031 0.041863
5 0.557113 0.536197 0.170131 0.268342
2 0.504381 0.635823 0.068879 0.134585
10 0.162636 0.473322 0.017943 0.026623
6 0.576014 0.524069 0.034605 0.046315
10 0.138328 0.531956 0.018592 0.024590
5 0.156321 0.474094 0.142691 0.223291
6 0.596196 0.620385 0.037418 0.049531
4 0.657894 0.823127 0.118922 0.349060
3 0.118123 0.731546 0.088619 0.179571
6 0.576594 0.594416 0.030487 0.040989
6 0.548463 0.579857 0.031362 0.042148
5 0.019286 0.546233 0.037588 0.281122
6 0.553835 0.611592 0.028901 0.042278
2 0.579579 0.975525 0.086039 0.048950
10 0.164422 0.535076 0.015112 0.017733
10 0.162311 0.496896 0.016201 0.020386
