10 0.705696 0.438261 0.022174 0.027826
10 0.699174 0.367826 0.019565 0.036522
7 0.545261 0.350435 0.011739 0.019130
7 0.510043 0.366957 0.019565 0.020870
7 0.553739 0.293913 0.018261 0.031304
7 0.520478 0.302609 0.016957 0.027826
7 0.572000 0.356522 0.013043 0.024348
7 0.489826 0.380870 0.020870 0.024348
6 0.385478 0.283478 0.041739 0.048696
6 0.346348 0.442609 0.046957 0.060870
6 0.309826 0.389565 0.039130 0.059130
6 0.365913 0.352174 0.039130 0.053913
6 0.291565 0.429565 0.041739 0.048696
0 0.197652 0.301739 0.062609 0.064348
3 0.218522 0.502609 0.070435 0.160000
7 0.262870 0.521739 0.026087 0.034783
7 0.600696 0.651304 0.023478 0.029565
7 0.118087 0.898261 0.036522 0.040000
2 0.556800 0.578687 0.076087 0.149729
4 0.627366 0.773693 0.144273 0.444766
2 0.955595 0.469456 0.088810 0.156367
2 0.937062 0.708061 0.096144 0.153143
6 0.344006 0.290425 0.040863 0.054909
2 0.079932 0.776857 0.111122 0.148245
2 0.199354 0.449768 0.077304 0.131263
7 0.519677 0.623225 0.025593 0.034513
7 0.528297 0.391797 0.018871 0.025206
7 0.706789 0.436887 0.021945 0.032266
5 0.881203 0.566852 0.236992 0.540910
2 0.991172 0.845032 0.017598 0.051570
7 0.685866 0.437587 0.016494 0.023455
10 0.737787 0.414274 0.023187 0.029024
5 0.337456 0.324567 0.249485 0.355588
7 0.537622 0.373647 0.015471 0.022288
7 0.737555 0.414022 0.022896 0.031197
7 0.557893 0.392240 0.017998 0.024447
7 0.513462 0.330814 0.018808 0.024805
7 0.658189 0.429174 0.013837 0.022554
10 0.685872 0.402366 0.031073 0.047397
10 0.685118 0.357161 0.018906 0.026936
10 0.687154 0.395285 0.027248 0.031725
7 0.567613 0.296852 0.017184 0.027398
