0 0.421348 0.320522 0.027391 0.130435
0 0.412870 0.239652 0.026087 0.069565
7 0.470387 0.598458 0.020277 0.030302
7 0.376919 0.596666 0.019006 0.028525
3 0.425682 0.608909 0.104570 0.187899
0 0.369469 0.237389 0.041569 0.049260
5 0.391344 0.269279 0.186775 0.300618
5 0.638281 0.369889 0.254587 0.458111
0 0.353875 0.276620 0.025490 0.075144
6 0.593053 0.283531 0.046317 0.064007
0 0.428569 0.221469 0.043221 0.042437
7 0.745903 0.596902 0.020095 0.029640
0 0.426570 0.239370 0.048576 0.077756
0 0.358270 0.319058 0.037902 0.093001
0 0.434996 0.250318 0.016362 0.057277
0 0.385641 0.302321 0.037649 0.110603
