10 0.391348 0.390435 0.027391 0.033043
2 0.859927 0.463851 0.083266 0.187231
2 0.381175 0.572470 0.108212 0.156109
10 0.422660 0.342498 0.019954 0.030920
6 0.944725 0.277118 0.043063 0.057806
6 0.901375 0.247924 0.040198 0.053240
0 0.440156 0.564949 0.088404 0.051650
5 0.903668 0.310939 0.192664 0.369367
5 0.409506 0.345537 0.167117 0.273768
7 0.468181 0.562900 0.028335 0.037101
7 0.444786 0.418830 0.023953 0.032991
10 0.445320 0.417136 0.023910 0.031886
10 0.427796 0.386732 0.020383 0.029507
10 0.397240 0.440970 0.024187 0.027103
7 0.392014 0.391399 0.023113 0.033611
0 0.452629 0.559948 0.062325 0.064577
6 0.918733 0.359552 0.040703 0.054403
6 0.978398 0.413455 0.043204 0.070785
7 0.398842 0.419540 0.026663 0.031951
5 0.244814 0.504328 0.168407 0.258057
6 0.404870 0.579146 0.034134 0.078365
10 0.399180 0.418980 0.023718 0.029644
3 0.843812 0.549411 0.116974 0.197421
6 0.955144 0.378664 0.042250 0.057132
10 0.403231 0.320694 0.019780 0.026578
6 0.929036 0.402904 0.039286 0.056941
