4 0.530913 0.779826 0.126522 0.440348
6 0.239404 0.269153 0.045178 0.055974
3 0.546914 0.538538 0.089448 0.151691
3 0.135207 0.579286 0.095239 0.177983
7 0.575008 0.611629 0.027032 0.037347
5 0.284257 0.322066 0.222104 0.420626
6 0.310420 0.358248 0.048800 0.064801
7 0.185680 0.574076 0.029004 0.040606
7 0.492671 0.548776 0.024589 0.035150
2 0.807057 0.304440 0.080418 0.111631
6 0.285798 0.247413 0.044995 0.056817
6 0.230665 0.444043 0.053005 0.050430
7 0.506745 0.318245 0.019438 0.026547
0 0.112270 0.245737 0.023416 0.065934
6 0.301624 0.452634 0.043772 0.034913
2 0.260863 0.346119 0.044795 0.059104
