3 0.426565 0.613565 0.113478 0.205217
7 0.474724 0.607546 0.019557 0.030875
5 0.400238 0.273088 0.186319 0.299990
0 0.428638 0.315600 0.026869 0.103023
0 0.362034 0.277385 0.025117 0.074847
0 0.424065 0.244893 0.026525 0.076513
0 0.435836 0.243122 0.048660 0.079801
5 0.647249 0.375127 0.257285 0.463381
7 0.749809 0.608706 0.021919 0.031761
0 0.379721 0.241204 0.045316 0.047197
7 0.380439 0.601896 0.018911 0.026803
6 0.602485 0.291560 0.047831 0.064325
0 0.365105 0.325005 0.037648 0.093014
2 0.642872 0.413465 0.042661 0.065568
4 0.825411 0.035796 0.349177 0.071593
