2 0.945696 0.629565 0.087391 0.114783
3 0.107463 0.726396 0.150495 0.208672
6 0.520539 0.299987 0.038772 0.054251
6 0.499326 0.369473 0.039880 0.057102
6 0.478951 0.285194 0.036850 0.048505
3 0.602712 0.682672 0.119975 0.205256
1 0.341660 0.678562 0.603069 0.635019
5 0.491645 0.330506 0.256725 0.369129
6 0.470417 0.343308 0.037276 0.047853
10 0.688923 0.414226 0.019186 0.027521
4 0.694302 0.067557 0.475594 0.135019
5 0.365266 0.179227 0.175591 0.221046
2 0.921844 0.739881 0.073074 0.112717
7 0.638351 0.419614 0.015868 0.021645
5 0.664277 0.396902 0.154419 0.242206
3 0.474736 0.984859 0.075833 0.030227
6 0.420597 0.382676 0.037222 0.041387
7 0.499037 0.992824 0.029188 0.014270
7 0.493578 0.990261 0.040158 0.019477
6 0.472722 0.420062 0.039721 0.036654
