6 0.616348 0.545739 0.049565 0.059130
6 0.697217 0.517913 0.049565 0.066087
6 0.656130 0.610957 0.050870 0.060870
6 0.611130 0.431826 0.044348 0.064348
5 0.448068 0.387982 0.168939 0.248705
6 0.592226 0.591607 0.051004 0.058270
2 0.862835 0.706984 0.097913 0.147490
3 0.839377 0.785305 0.110887 0.170823
0 0.487103 0.381572 0.018690 0.068465
0 0.462382 0.444638 0.075894 0.044738
2 0.471168 0.619826 0.088032 0.155872
6 0.672782 0.557194 0.042245 0.051785
6 0.653260 0.422329 0.040376 0.042445
7 0.872575 0.837931 0.026017 0.033677
5 0.654202 0.487376 0.213550 0.406852
2 0.618670 0.544357 0.049719 0.063352
0 0.474196 0.373338 0.046736 0.056800
7 0.806441 0.830009 0.026437 0.038145
