4 0.382870 0.127826 0.589565 0.252174
0 0.170261 0.585217 0.070435 0.050435
0 0.191130 0.520000 0.023478 0.090435
2 0.172217 0.766087 0.095217 0.161739
2 0.788186 0.596056 0.075929 0.106598
7 0.588254 0.884420 0.025430 0.032511
6 0.386222 0.639435 0.041140 0.053614
2 0.555526 0.776168 0.097252 0.139241
7 0.237466 0.810659 0.024920 0.036804
7 0.159049 0.861600 0.022640 0.031238
6 0.316823 0.669838 0.046019 0.061799
0 0.173446 0.573040 0.059365 0.035351
7 0.522709 0.891116 0.025747 0.032298
7 0.233227 0.878492 0.028071 0.036630
6 0.354109 0.720072 0.046782 0.055307
7 0.492847 0.547772 0.013278 0.019159
3 0.551273 0.840964 0.110265 0.147965
6 0.304988 0.564746 0.040420 0.050920
6 0.295091 0.713800 0.047592 0.048583
7 0.530807 0.620282 0.015160 0.021254
7 0.532414 0.606545 0.014717 0.020485
6 0.340686 0.551135 0.035791 0.049116
6 0.365890 0.674795 0.035154 0.045780
