2 0.587000 0.666957 0.105652 0.200000
10 0.690043 0.584348 0.027391 0.041739
2 0.854160 0.873073 0.082821 0.106830
6 0.488367 0.110407 0.191257 0.220814
7 0.388618 0.459206 0.015872 0.022992
7 0.689949 0.586368 0.023043 0.032132
5 0.714650 0.535144 0.162470 0.269671
7 0.454602 0.347004 0.012522 0.019280
3 0.808606 0.908234 0.097332 0.130898
7 0.432352 0.326305 0.012805 0.020337
7 0.421378 0.321011 0.013964 0.022067
7 0.773140 0.940656 0.021007 0.031234
7 0.445015 0.343948 0.012545 0.017606
7 0.784116 0.879042 0.018036 0.027413
7 0.430203 0.395183 0.013986 0.020229
0 0.344915 0.694509 0.065051 0.135568
