3 0.150696 0.562261 0.101739 0.182609
3 0.561565 0.554435 0.096522 0.153043
4 0.560051 0.786561 0.117112 0.418538
6 0.263556 0.268137 0.047868 0.051119
7 0.201676 0.568339 0.026779 0.038368
7 0.587855 0.622259 0.026109 0.034041
7 0.509501 0.557110 0.022893 0.032147
6 0.254197 0.439708 0.054622 0.052763
5 0.310875 0.318452 0.223380 0.436393
6 0.310669 0.248345 0.046341 0.061214
7 0.489842 0.236140 0.015502 0.025530
2 0.823588 0.326512 0.080815 0.110998
7 0.525380 0.236251 0.018488 0.027041
2 0.285059 0.342363 0.043782 0.063221
6 0.335402 0.359178 0.048165 0.063725
0 0.135320 0.236075 0.021671 0.066103
7 0.529908 0.327237 0.018026 0.025862
6 0.326945 0.453000 0.049451 0.037677
6 0.366978 0.405889 0.038911 0.037036
7 0.504323 0.232816 0.015281 0.023621
6 0.285323 0.341552 0.044635 0.062136
6 0.349530 0.261049 0.043607 0.050989
