3 0.223739 0.407478 0.093913 0.151304
2 0.932930 0.643851 0.095343 0.147333
2 0.946292 0.516361 0.098347 0.142637
3 0.529403 0.598243 0.121030 0.178399
6 0.360176 0.287654 0.037452 0.053242
4 0.608282 0.820723 0.169796 0.354979
6 0.376015 0.227681 0.040037 0.053479
7 0.480293 0.646738 0.023588 0.035888
7 0.511969 0.333754 0.015872 0.023553
3 0.067442 0.708145 0.101199 0.181849
7 0.573026 0.275512 0.016758 0.024769
7 0.530477 0.298725 0.016954 0.024208
7 0.576787 0.623682 0.020119 0.027545
7 0.542116 0.269892 0.015609 0.024377
7 0.523764 0.314350 0.016021 0.021606
7 0.565413 0.356882 0.017709 0.023404
6 0.419481 0.230590 0.036365 0.047401
