2 0.103087 0.659130 0.097826 0.142609
6 0.586831 0.439186 0.036468 0.047575
6 0.553001 0.415719 0.030797 0.042716
5 0.568504 0.454015 0.190379 0.277095
10 0.145985 0.446209 0.017168 0.024638
5 0.748916 0.388207 0.212302 0.292276
2 0.512657 0.570581 0.070772 0.151907
6 0.593069 0.515478 0.034045 0.045614
6 0.561200 0.501450 0.036572 0.046202
4 0.557247 0.775770 0.111451 0.448460
2 0.622818 0.955060 0.092400 0.089880
10 0.123176 0.513365 0.023252 0.027675
6 0.613012 0.540190 0.033821 0.051671
10 0.117111 0.486365 0.023856 0.032130
5 0.016860 0.564607 0.033693 0.272565
6 0.568649 0.533202 0.034364 0.047725
6 0.488768 0.939844 0.034781 0.043698
5 0.139718 0.445971 0.139574 0.239747
3 0.113428 0.715041 0.101670 0.206049
10 0.170590 0.487567 0.019647 0.025720
10 0.120682 0.521832 0.024220 0.020970
