2 0.470913 0.624870 0.092609 0.161739
0 0.500913 0.378783 0.027391 0.090435
6 0.624826 0.565739 0.040435 0.074783
6 0.706348 0.539652 0.046957 0.067826
6 0.657435 0.627478 0.053478 0.069565
6 0.596130 0.609217 0.048261 0.067826
2 0.852435 0.736174 0.088696 0.151304
3 0.823739 0.811826 0.091304 0.160000
5 0.465486 0.380060 0.189514 0.259778
0 0.489935 0.377665 0.044765 0.074833
0 0.476690 0.434485 0.080674 0.046031
6 0.625466 0.443133 0.040335 0.049513
6 0.663704 0.432143 0.040115 0.054193
0 0.487498 0.365062 0.048165 0.041885
6 0.681774 0.575476 0.042696 0.057498
7 0.854091 0.865623 0.024589 0.033672
4 0.741700 0.081887 0.516600 0.163774
7 0.792750 0.856810 0.030922 0.042908
7 0.861008 0.470958 0.018325 0.027534
