7 0.515261 0.730087 0.027391 0.031304
7 0.540696 0.792696 0.023478 0.027826
7 0.238087 0.850087 0.023478 0.038261
6 0.319408 0.617348 0.044646 0.061372
6 0.240189 0.554289 0.045745 0.055898
2 0.772047 0.386767 0.078918 0.105651
7 0.606572 0.759589 0.026477 0.031913
3 0.563497 0.710477 0.091556 0.149126
6 0.260304 0.717653 0.048285 0.053681
3 0.187785 0.871976 0.104133 0.166838
5 0.293635 0.595655 0.219868 0.424023
7 0.451202 0.445120 0.013585 0.020848
4 0.287956 0.084641 0.568882 0.169122
7 0.457688 0.522422 0.013691 0.018652
2 0.812662 0.469113 0.072167 0.102112
7 0.450095 0.501427 0.015045 0.019885
7 0.465569 0.534673 0.013343 0.018700
7 0.440173 0.452590 0.014370 0.019451
7 0.452089 0.536005 0.014993 0.019099
