1 0.338522 0.615304 0.657391 0.660870
2 0.553098 0.817166 0.141282 0.198584
3 0.158321 0.345363 0.102803 0.195374
2 0.535825 0.345060 0.084641 0.140905
3 0.069911 0.759954 0.137059 0.197484
7 0.184037 0.414857 0.026575 0.035019
7 0.120223 0.403839 0.025547 0.031911
2 0.854818 0.247435 0.085702 0.125887
7 0.495386 0.094745 0.016220 0.023106
7 0.483655 0.470056 0.026513 0.032749
7 0.486529 0.401465 0.020900 0.029731
3 0.524666 0.418135 0.124642 0.181758
7 0.464745 0.126329 0.016190 0.022413
7 0.522278 0.792323 0.026383 0.038339
