4 0.528304 0.779652 0.100435 0.433043
6 0.231972 0.268719 0.046175 0.056568
7 0.179614 0.576639 0.027672 0.039047
3 0.130986 0.581556 0.093202 0.176574
3 0.542435 0.534291 0.088919 0.144187
5 0.278818 0.324535 0.218338 0.432084
6 0.304463 0.358163 0.048833 0.065358
2 0.798996 0.296914 0.080391 0.110096
7 0.568811 0.607666 0.027027 0.036189
7 0.486914 0.546275 0.022619 0.032206
6 0.278420 0.246408 0.044289 0.056211
6 0.224408 0.444064 0.052919 0.049670
0 0.104930 0.246739 0.021659 0.064019
7 0.499414 0.314215 0.019099 0.026015
2 0.253467 0.344545 0.045278 0.057996
6 0.300236 0.451268 0.052633 0.035922
