4 0.558956 0.769565 0.112174 0.460870
2 0.103087 0.633043 0.082174 0.132174
3 0.116130 0.704348 0.100435 0.201739
2 0.518522 0.558261 0.067826 0.142609
6 0.595478 0.440000 0.036522 0.055652
6 0.602652 0.512174 0.035217 0.046957
6 0.563522 0.412174 0.040435 0.045217
5 0.757870 0.400000 0.194348 0.278261
5 0.578522 0.453913 0.187826 0.278261
5 0.148087 0.434783 0.164348 0.240000
10 0.154291 0.436187 0.017834 0.026109
2 0.627421 0.955759 0.093543 0.088481
6 0.570476 0.500594 0.035575 0.046084
5 0.019790 0.551453 0.039580 0.318062
10 0.125065 0.476040 0.023205 0.031490
6 0.577900 0.532478 0.032127 0.045548
10 0.131145 0.503769 0.022373 0.028166
7 0.125438 0.476207 0.020998 0.032073
6 0.623014 0.538632 0.039336 0.050971
6 0.491337 0.941226 0.033006 0.045851
10 0.179156 0.478280 0.021257 0.026113
6 0.613010 0.471949 0.029890 0.049920
10 0.154598 0.462036 0.016512 0.023729
