5 0.556348 0.390087 0.148696 0.252174
5 0.367035 0.401458 0.223386 0.419257
7 0.226029 0.621583 0.023884 0.034276
6 0.322083 0.341392 0.044985 0.051646
3 0.177996 0.613861 0.097903 0.180775
4 0.520569 0.803721 0.109374 0.386105
6 0.382621 0.445438 0.046205 0.065642
7 0.567807 0.456086 0.017936 0.024375
6 0.300543 0.511184 0.052054 0.054131
6 0.368337 0.331300 0.045083 0.061936
7 0.537139 0.360719 0.014061 0.021969
0 0.199106 0.276409 0.023020 0.072966
7 0.539993 0.452575 0.017355 0.023802
6 0.368669 0.542504 0.051334 0.039260
6 0.410792 0.500462 0.035083 0.036856
7 0.572811 0.434333 0.018237 0.024562
