7 0.189826 0.577043 0.028696 0.038261
4 0.528956 0.789391 0.101739 0.421217
6 0.248895 0.273283 0.044564 0.050037
6 0.319533 0.363078 0.047650 0.064500
3 0.550501 0.547223 0.091961 0.147558
7 0.497120 0.555868 0.020746 0.033417
7 0.575976 0.619506 0.027447 0.037321
5 0.297132 0.327423 0.217459 0.426241
3 0.141122 0.578324 0.094762 0.177264
7 0.514478 0.326327 0.017932 0.024635
2 0.809456 0.319319 0.079354 0.112128
6 0.295316 0.250118 0.045584 0.059123
0 0.121390 0.243947 0.020685 0.063650
6 0.239295 0.445906 0.054751 0.049630
2 0.269767 0.349174 0.044809 0.059288
7 0.473481 0.236667 0.016139 0.024184
6 0.312953 0.454922 0.047134 0.037046
7 0.508978 0.236486 0.017334 0.025625
