3 0.227652 0.417913 0.086087 0.168696
2 0.934015 0.636941 0.094613 0.145836
2 0.947743 0.511075 0.098490 0.142648
3 0.536085 0.598549 0.109757 0.179655
7 0.570275 0.273678 0.016642 0.028197
6 0.357817 0.289004 0.038145 0.055285
3 0.068809 0.711828 0.100408 0.172303
6 0.371876 0.227477 0.040578 0.051976
7 0.509909 0.333308 0.018462 0.026248
7 0.527482 0.297205 0.016827 0.025879
4 0.601818 0.816990 0.160610 0.360781
7 0.480177 0.644525 0.024784 0.035634
7 0.577856 0.619728 0.020313 0.028851
7 0.734029 0.413618 0.021715 0.029644
7 0.528627 0.328531 0.014732 0.019814
