4 0.551783 0.801565 0.113478 0.396870
6 0.262521 0.285234 0.045458 0.053579
6 0.308583 0.263680 0.046900 0.058133
7 0.205603 0.587534 0.027367 0.038085
3 0.566255 0.556562 0.091421 0.148938
6 0.334679 0.376245 0.049735 0.066171
0 0.133871 0.258737 0.022029 0.067544
5 0.307127 0.340932 0.220548 0.422579
6 0.253772 0.459179 0.055688 0.050495
7 0.512729 0.566489 0.022611 0.034476
3 0.157798 0.596035 0.096919 0.184333
7 0.593120 0.630216 0.026115 0.037552
2 0.283824 0.360598 0.045160 0.060482
7 0.487173 0.245821 0.015152 0.023228
2 0.825069 0.322497 0.077773 0.110150
7 0.528394 0.337046 0.018834 0.026239
7 0.522954 0.245356 0.017776 0.025632
6 0.346730 0.273791 0.042648 0.056938
6 0.327521 0.469225 0.049978 0.040297
6 0.366616 0.422079 0.040451 0.040021
7 0.527732 0.267398 0.018792 0.025356
