6 0.299391 0.386609 0.046957 0.057391
6 0.263522 0.488348 0.058696 0.059130
6 0.383522 0.457043 0.040435 0.038261
6 0.342435 0.507478 0.049565 0.038261
6 0.350913 0.410087 0.050870 0.066087
6 0.279826 0.307478 0.052174 0.048696
7 0.206632 0.611572 0.028906 0.039364
6 0.327299 0.283312 0.051015 0.066723
5 0.326998 0.366696 0.233378 0.468860
3 0.158006 0.615515 0.099191 0.183778
7 0.553037 0.380497 0.019462 0.026722
0 0.144994 0.260854 0.024573 0.072690
4 0.586874 0.765703 0.107577 0.458427
7 0.514061 0.282041 0.016073 0.023642
6 0.367278 0.298721 0.045718 0.059385
7 0.524322 0.611421 0.024433 0.036009
2 0.847137 0.387616 0.076190 0.112423
2 0.298922 0.385656 0.047093 0.063502
7 0.550715 0.284428 0.018350 0.026483
