3 0.172870 0.611826 0.093913 0.163478
5 0.355658 0.367648 0.246893 0.462293
4 0.564030 0.784802 0.113291 0.426560
6 0.374942 0.415174 0.050303 0.070277
7 0.222742 0.617589 0.027550 0.038684
6 0.355793 0.289107 0.049949 0.066244
6 0.303242 0.310735 0.050438 0.047918
6 0.286405 0.494548 0.056026 0.061015
5 0.573329 0.341724 0.160439 0.281536
10 0.581101 0.403428 0.022490 0.032135
0 0.168897 0.254101 0.020557 0.072700
7 0.580894 0.404179 0.020260 0.028502
6 0.362695 0.524653 0.054650 0.043598
6 0.323068 0.394953 0.047249 0.064277
2 0.868862 0.426676 0.076636 0.113651
6 0.407973 0.472634 0.044202 0.045747
