6 0.200261 0.264348 0.054783 0.062609
7 0.512652 0.410435 0.032609 0.034783
7 0.440261 0.420000 0.031304 0.036522
7 0.510043 0.349565 0.032609 0.034783
7 0.172870 0.476522 0.023478 0.034783
7 0.178739 0.420000 0.024783 0.036522
7 0.118087 0.487826 0.023478 0.029565
2 0.444084 0.297978 0.103666 0.124785
2 0.109379 0.388605 0.072129 0.138677
1 0.318531 0.612456 0.602427 0.575936
2 0.747587 0.085901 0.087615 0.111631
2 0.073463 0.729635 0.105042 0.168679
3 0.468946 0.366317 0.129154 0.155675
2 0.794712 0.252613 0.080785 0.120073
3 0.107624 0.788080 0.119821 0.178875
2 0.544487 0.694009 0.098479 0.202739
7 0.509185 0.672932 0.025293 0.042236
6 0.546137 0.694202 0.100205 0.204609
7 0.387475 0.104773 0.015828 0.023364
7 0.362739 0.135385 0.015192 0.020609
7 0.465204 0.739850 0.027326 0.040025
3 0.141279 0.427112 0.089771 0.150059
