3 0.604609 0.661739 0.114783 0.172174
3 0.110913 0.718261 0.157826 0.212174
2 0.937870 0.629565 0.076957 0.128696
6 0.498423 0.368467 0.040249 0.057279
6 0.518792 0.298328 0.038044 0.053930
6 0.477065 0.283291 0.036724 0.047612
1 0.328251 0.677974 0.578668 0.635758
6 0.467103 0.338253 0.037618 0.052891
5 0.488169 0.326825 0.252830 0.372665
5 0.661723 0.394299 0.149233 0.243260
5 0.362756 0.176588 0.175791 0.217848
10 0.687550 0.412320 0.018406 0.026257
4 0.706888 0.065395 0.448700 0.130612
2 0.920555 0.736834 0.073163 0.113138
3 0.476943 0.984041 0.083646 0.031882
7 0.498696 0.992150 0.032825 0.015603
6 0.419627 0.381144 0.036377 0.038822
7 0.636731 0.417426 0.014830 0.019669
