2 0.538739 0.355304 0.097826 0.161739
2 0.562870 0.820522 0.135652 0.240000
3 0.171565 0.338783 0.104348 0.201739
3 0.065913 0.746609 0.122609 0.210435
1 0.340170 0.613569 0.659957 0.665172
3 0.533271 0.406363 0.123260 0.182084
7 0.492113 0.458833 0.026480 0.034723
2 0.863543 0.238218 0.086387 0.120165
7 0.526361 0.781391 0.029078 0.044556
7 0.494764 0.389568 0.020632 0.030587
7 0.129193 0.389171 0.022525 0.030216
7 0.192705 0.402037 0.029753 0.035756
7 0.504435 0.082750 0.016776 0.024786
7 0.569126 0.474625 0.032630 0.039371
6 0.290426 0.086016 0.039054 0.052207
7 0.473656 0.114730 0.016170 0.022654
