5 0.592870 0.457913 0.226957 0.377391
2 0.840696 0.617913 0.086087 0.154783
6 0.557139 0.395736 0.041110 0.057517
7 0.874307 0.751931 0.028327 0.037087
6 0.547379 0.550347 0.049362 0.054739
6 0.610634 0.557646 0.051245 0.062066
6 0.571098 0.503340 0.047557 0.062092
3 0.838935 0.694598 0.111824 0.175203
5 0.398322 0.392177 0.154482 0.227755
2 0.452268 0.583708 0.083075 0.109985
6 0.599826 0.378503 0.040376 0.053182
6 0.647718 0.463615 0.044986 0.054617
0 0.417882 0.443018 0.054012 0.048264
6 0.625952 0.505730 0.040284 0.049161
7 0.770968 0.346245 0.016304 0.023852
7 0.797203 0.676916 0.022254 0.030602
7 0.801209 0.753944 0.027874 0.038739
0 0.437456 0.372041 0.019184 0.053676
