1 0.328739 0.597043 0.627391 0.655652
2 0.559751 0.804517 0.141549 0.204856
2 0.545111 0.327855 0.086950 0.144050
3 0.166094 0.325987 0.101847 0.189787
3 0.078673 0.741376 0.142373 0.202449
7 0.128439 0.383570 0.023046 0.030388
7 0.192367 0.396497 0.028613 0.034406
3 0.532787 0.405465 0.122410 0.182643
2 0.864355 0.237759 0.087238 0.120559
7 0.492614 0.454889 0.027209 0.035002
3 0.504716 0.835870 0.120665 0.188822
7 0.495399 0.385217 0.022039 0.031009
7 0.505258 0.079511 0.017814 0.026553
7 0.569829 0.471470 0.033255 0.040563
7 0.209878 0.332963 0.023121 0.035136
7 0.533635 0.775948 0.018811 0.034705
7 0.475092 0.110107 0.015999 0.022563
