6 0.405696 0.671304 0.027391 0.045217
0 0.465043 0.650435 0.086087 0.069565
2 0.857000 0.588696 0.066522 0.182609
3 0.842652 0.671304 0.113478 0.187826
5 0.269391 0.593043 0.180000 0.260870
5 0.904696 0.448696 0.190608 0.365217
5 0.443522 0.462609 0.176087 0.250435
2 0.387397 0.671203 0.101846 0.150786
6 0.411045 0.676993 0.033564 0.066437
10 0.461151 0.463414 0.018246 0.026520
10 0.431848 0.505879 0.021536 0.029997
0 0.482903 0.645715 0.060838 0.053743
7 0.431255 0.507670 0.023238 0.031868
10 0.467094 0.547611 0.015622 0.020343
10 0.431920 0.553544 0.021303 0.028099
10 0.464273 0.510001 0.017978 0.024525
10 0.481656 0.537866 0.020213 0.024532
6 0.903170 0.394211 0.041380 0.058933
7 0.481726 0.537713 0.019730 0.025349
10 0.438390 0.530677 0.018630 0.026960
6 0.975112 0.544453 0.046127 0.073865
