5 0.453956 0.383478 0.155217 0.224348
5 0.637217 0.387826 0.159130 0.246957
5 0.857087 0.547826 0.285826 0.521739
5 0.276565 0.422609 0.230870 0.323478
10 0.632652 0.459130 0.019565 0.031304
10 0.605261 0.385217 0.022174 0.029565
7 0.489174 0.426087 0.014348 0.020870
7 0.420043 0.452174 0.016957 0.027826
7 0.473522 0.357391 0.019565 0.026087
4 0.609826 0.790435 0.216522 0.419130
2 0.160478 0.593913 0.105652 0.165217
2 0.510043 0.623478 0.084783 0.147826
2 0.073087 0.885217 0.095217 0.139130
6 0.255043 0.491304 0.046957 0.053913
2 0.901755 0.656470 0.091850 0.158550
3 0.181793 0.615593 0.079566 0.151261
2 0.891743 0.423096 0.095468 0.150197
10 0.595288 0.363026 0.022734 0.032752
6 0.280602 0.392389 0.037930 0.051535
7 0.555912 0.686443 0.021909 0.029650
7 0.439397 0.398484 0.016919 0.023872
10 0.621684 0.394916 0.019392 0.026630
10 0.660079 0.427783 0.020404 0.028316
7 0.471546 0.410408 0.014225 0.019721
7 0.465831 0.432419 0.014806 0.020416
6 0.322167 0.374430 0.035530 0.044970
7 0.440535 0.432629 0.014885 0.019729
0 0.146493 0.423303 0.052750 0.069465
10 0.607925 0.435231 0.024212 0.034254
7 0.444413 0.370922 0.014933 0.021975
6 0.293066 0.536984 0.039489 0.050726
7 0.486664 0.447374 0.015975 0.021202
10 0.654221 0.368974 0.021450 0.036999
10 0.657614 0.448079 0.021938 0.025089
7 0.497454 0.410991 0.015780 0.020659
7 0.457754 0.452576 0.018707 0.024876
7 0.230429 0.623256 0.024332 0.037138
7 0.453374 0.432261 0.013780 0.019432
6 0.244507 0.531295 0.042389 0.047576
10 0.497404 0.410457 0.016089 0.020951
7 0.447317 0.405033 0.013021 0.020677
7 0.469740 0.442229 0.014329 0.017443
