3 0.568739 0.554435 0.092609 0.180870
4 0.544355 0.789276 0.102042 0.411620
6 0.271649 0.265045 0.047555 0.056569
7 0.206728 0.566528 0.027258 0.037056
7 0.592872 0.624670 0.026263 0.033552
5 0.319490 0.319264 0.226369 0.415840
3 0.157151 0.567674 0.095602 0.179122
6 0.318113 0.245445 0.046645 0.059543
2 0.828164 0.334269 0.079765 0.110501
6 0.260300 0.437490 0.056915 0.051500
2 0.291905 0.342254 0.044808 0.060821
7 0.513880 0.559489 0.021472 0.031145
6 0.342768 0.358710 0.048913 0.065092
7 0.536672 0.330483 0.018202 0.024801
7 0.496537 0.239189 0.015423 0.022652
0 0.143232 0.232270 0.021248 0.065985
6 0.333872 0.452304 0.050315 0.039080
6 0.291915 0.341197 0.044778 0.061541
6 0.375155 0.405942 0.041783 0.037782
7 0.532464 0.240016 0.017223 0.024401
