3 0.558956 0.663478 0.127826 0.182609
6 0.446048 0.380727 0.039740 0.057068
3 0.070516 0.746398 0.139202 0.206404
2 0.910204 0.623803 0.088403 0.124340
1 0.295713 0.699661 0.558537 0.598644
6 0.426334 0.299841 0.039090 0.050962
5 0.614354 0.393871 0.160415 0.249767
5 0.435678 0.338682 0.241905 0.362545
2 0.896197 0.728559 0.078610 0.113148
6 0.467991 0.313840 0.038314 0.049867
5 0.312986 0.210674 0.169329 0.206143
6 0.366839 0.397140 0.038632 0.041700
6 0.416090 0.354355 0.039975 0.056337
5 0.854421 0.680237 0.236889 0.455897
7 0.586826 0.423512 0.016282 0.022728
4 0.615198 0.055824 0.493317 0.111571
10 0.639622 0.415528 0.017270 0.024025
7 0.617733 0.462370 0.016128 0.021967
10 0.731202 0.499320 0.018024 0.025088
5 0.735830 0.484254 0.124283 0.236126
7 0.423678 0.994715 0.045483 0.010571
7 0.434959 0.988921 0.041278 0.021781
7 0.625453 0.474350 0.015194 0.020039
