3 0.476130 0.524870 0.100435 0.177391
2 0.812652 0.592696 0.105652 0.114783
2 0.542000 0.866609 0.187826 0.259130
6 0.549826 0.905739 0.054783 0.090435
3 0.782636 0.656735 0.097014 0.154360
2 0.837637 0.938690 0.091208 0.116905
1 0.568021 0.727604 0.647779 0.529347
0 0.495591 0.276438 0.022979 0.070200
0 0.504511 0.264396 0.041958 0.043301
7 0.439414 0.527567 0.018272 0.029982
5 0.648386 0.377152 0.187183 0.347213
6 0.564768 0.892884 0.053717 0.082709
4 0.762477 0.054021 0.427368 0.107825
7 0.510279 0.551724 0.017937 0.025013
4 0.895645 0.054423 0.143778 0.108698
