6 0.341783 0.390087 0.045652 0.078261
7 0.197111 0.597718 0.027334 0.040093
5 0.318930 0.349256 0.235285 0.449293
3 0.146717 0.600657 0.094022 0.181695
6 0.318524 0.268802 0.048049 0.059853
6 0.268202 0.291856 0.047071 0.048466
4 0.572110 0.757336 0.104620 0.475262
5 0.532606 0.306665 0.155300 0.270801
6 0.253971 0.471862 0.058665 0.056368
6 0.289435 0.372014 0.045571 0.063619
0 0.136751 0.250111 0.022900 0.071505
6 0.331079 0.491641 0.051419 0.039994
7 0.542133 0.364517 0.021072 0.028330
2 0.835034 0.371361 0.077990 0.111106
