5 0.464391 0.379652 0.189130 0.273043
6 0.631016 0.562832 0.049753 0.065323
3 0.820177 0.817289 0.106320 0.154118
6 0.707557 0.545933 0.046278 0.059179
6 0.603342 0.611698 0.048141 0.054880
2 0.472720 0.625814 0.091858 0.162579
0 0.504734 0.381101 0.023145 0.084229
2 0.851429 0.748035 0.101296 0.149035
6 0.662541 0.633732 0.049318 0.061878
6 0.628622 0.446293 0.041409 0.051462
0 0.482308 0.433388 0.076246 0.043284
6 0.682922 0.578715 0.042995 0.059454
6 0.668023 0.437037 0.040716 0.052428
0 0.492347 0.366355 0.050435 0.050927
7 0.851706 0.871119 0.024992 0.032092
4 0.728389 0.084887 0.543221 0.169774
0 0.435733 0.433065 0.055737 0.072561
7 0.861292 0.478833 0.018850 0.027785
