7 0.410913 0.302609 0.019565 0.041739
7 0.431130 0.253043 0.018261 0.033043
7 0.517217 0.200000 0.018261 0.031304
7 0.440913 0.328696 0.016957 0.038261
7 0.484609 0.251304 0.026087 0.029565
7 0.386130 0.277391 0.022174 0.026087
2 0.641130 0.652174 0.146087 0.212174
5 0.446300 0.214017 0.341083 0.428033
7 0.414023 0.221393 0.018883 0.027552
7 0.367321 0.206177 0.017033 0.026343
7 0.423756 0.296082 0.017045 0.026646
7 0.380725 0.229786 0.018306 0.028847
7 0.480340 0.270051 0.020870 0.031029
0 0.347166 0.609811 0.074561 0.175906
7 0.461809 0.311421 0.017094 0.025711
7 0.426443 0.321601 0.017932 0.029349
7 0.444837 0.148331 0.016536 0.023642
7 0.425184 0.343032 0.016280 0.027093
7 0.453138 0.295013 0.015166 0.023229
7 0.444663 0.316130 0.015758 0.023208
7 0.433408 0.216134 0.016228 0.027079
7 0.398520 0.212406 0.016164 0.026953
7 0.439222 0.292292 0.016796 0.024103
2 0.087581 0.954601 0.173077 0.088634
7 0.420655 0.277123 0.015969 0.022301
7 0.357421 0.271138 0.013890 0.022048
7 0.415457 0.185627 0.015458 0.024477
