7 0.331348 0.292174 0.019565 0.027826
7 0.321565 0.335652 0.023478 0.031304
10 0.669826 0.417391 0.018261 0.041739
2 0.530913 0.542609 0.092609 0.201739
2 0.839391 0.760870 0.088696 0.126957
2 0.163802 0.018992 0.056520 0.037735
7 0.282594 0.220855 0.017463 0.025320
7 0.286509 0.260432 0.015282 0.021233
7 0.270042 0.323284 0.015588 0.023111
7 0.321887 0.356393 0.015929 0.025461
7 0.306926 0.328718 0.015247 0.023354
7 0.645241 0.444218 0.020413 0.031152
3 0.787989 0.798592 0.096071 0.126516
7 0.317473 0.317496 0.016718 0.024351
7 0.302845 0.291848 0.014067 0.019779
7 0.312761 0.281435 0.014361 0.021865
7 0.293187 0.337496 0.012990 0.018943
7 0.263412 0.268126 0.016402 0.022286
10 0.669934 0.444163 0.024540 0.033883
7 0.309363 0.322628 0.015406 0.024420
7 0.369540 0.194594 0.015694 0.024359
10 0.654191 0.366727 0.018449 0.031224
7 0.287449 0.290875 0.014723 0.021311
5 0.673494 0.386315 0.179296 0.292948
7 0.669959 0.443815 0.023716 0.034095
7 0.358389 0.190352 0.014695 0.022462
7 0.623691 0.422174 0.023681 0.031735
7 0.754049 0.832392 0.024884 0.035152
7 0.299946 0.261204 0.013975 0.020221
7 0.259512 0.288936 0.014718 0.020265
7 0.310015 0.222541 0.014952 0.020504
7 0.323621 0.195947 0.015660 0.021796
7 0.284843 0.315334 0.014400 0.020288
6 0.467727 0.051464 0.145640 0.102744
7 0.766438 0.765701 0.017013 0.023809
7 0.333312 0.250628 0.014385 0.023068
7 0.635987 0.404452 0.019080 0.029318
7 0.795513 0.852961 0.013371 0.018329
7 0.332973 0.328805 0.014205 0.024737
7 0.650122 0.397302 0.018977 0.027347
7 0.276676 0.299164 0.013424 0.021142
10 0.649958 0.396928 0.018269 0.028404
7 0.298388 0.204260 0.017383 0.023198
7 0.333584 0.235619 0.013422 0.019400
7 0.256304 0.254542 0.015141 0.021573
5 0.955889 0.735250 0.088223 0.266210
7 0.361999 0.194290 0.014329 0.026360
7 0.326430 0.360037 0.015883 0.028470
7 0.302882 0.235015 0.013048 0.018105
7 0.285087 0.328467 0.012796 0.017623
7 0.321893 0.253398 0.011751 0.020617
7 0.301960 0.278893 0.011810 0.018432
