7 0.440261 0.428696 0.036522 0.040000
7 0.513956 0.418261 0.022174 0.036522
7 0.508087 0.360000 0.031304 0.045217
2 0.749391 0.091304 0.093913 0.116522
2 0.440913 0.309565 0.110870 0.128696
3 0.105183 0.795564 0.118293 0.177928
2 0.109723 0.394451 0.075394 0.144081
2 0.070494 0.732020 0.108692 0.166664
1 0.313493 0.621560 0.597189 0.590478
2 0.543199 0.706833 0.100836 0.199937
3 0.469200 0.375563 0.128877 0.157436
2 0.796417 0.261055 0.080702 0.125685
6 0.198969 0.266699 0.045759 0.058524
6 0.546928 0.704228 0.099080 0.204374
7 0.170354 0.483400 0.026491 0.033846
7 0.115585 0.491794 0.022387 0.031413
7 0.387489 0.107369 0.015896 0.024367
7 0.505725 0.689693 0.024797 0.040798
7 0.362622 0.138160 0.015029 0.021495
7 0.178445 0.422134 0.023837 0.036921
3 0.137043 0.429651 0.088882 0.153626
