7 0.523739 0.750087 0.023478 0.029565
7 0.619609 0.770087 0.027391 0.041739
7 0.250478 0.874435 0.030000 0.041739
6 0.242000 0.593565 0.039130 0.060870
6 0.317652 0.647478 0.044348 0.064348
6 0.261565 0.751826 0.041739 0.043478
7 0.448087 0.558783 0.020870 0.019130
7 0.436348 0.470957 0.018261 0.020870
7 0.549826 0.812696 0.020870 0.029565
7 0.262870 0.948348 0.026087 0.029565
2 0.783414 0.369453 0.080278 0.112782
7 0.196810 0.963798 0.024964 0.031829
2 0.829092 0.454053 0.082984 0.104108
3 0.575489 0.737931 0.115363 0.184534
4 0.248459 0.122159 0.496060 0.243093
7 0.453298 0.544672 0.012397 0.017593
7 0.435648 0.490548 0.014292 0.019464
7 0.445760 0.522833 0.013893 0.018788
7 0.460922 0.555835 0.013633 0.018163
7 0.469633 0.540814 0.018561 0.022094
7 0.436126 0.552312 0.015796 0.019101
7 0.445524 0.535554 0.013576 0.018995
