4 0.525696 0.805913 0.092609 0.388174
5 0.365449 0.399501 0.221716 0.422329
3 0.177355 0.618583 0.101614 0.182430
6 0.320158 0.340166 0.044829 0.055072
5 0.560107 0.390792 0.140540 0.259003
7 0.226206 0.626211 0.026163 0.036316
6 0.366730 0.329819 0.042179 0.056409
7 0.568631 0.454176 0.017675 0.025406
6 0.381379 0.447015 0.045809 0.066757
6 0.298061 0.511261 0.054278 0.055151
0 0.197857 0.278976 0.022579 0.072724
6 0.367746 0.542639 0.049934 0.037469
7 0.536922 0.357824 0.015239 0.023810
2 0.841053 0.494292 0.076214 0.107992
7 0.539726 0.449646 0.016805 0.022112
0 0.191110 0.276697 0.036881 0.072799
6 0.408377 0.500397 0.033736 0.036132
