5 0.470261 0.464000 0.180000 0.226087
2 0.775621 0.398771 0.077915 0.103065
7 0.522974 0.724003 0.020365 0.029463
6 0.250262 0.533461 0.043940 0.053841
7 0.239083 0.835135 0.026537 0.036890
5 0.308343 0.572470 0.230629 0.433045
7 0.491132 0.512744 0.016832 0.022379
7 0.465980 0.434323 0.016061 0.023764
3 0.193915 0.859085 0.113807 0.179585
3 0.567578 0.710246 0.095887 0.160917
4 0.311949 0.066663 0.623898 0.132920
7 0.610918 0.753758 0.024829 0.032937
7 0.472136 0.512096 0.013470 0.018629
6 0.271240 0.702677 0.052233 0.053535
6 0.333499 0.601892 0.046053 0.062390
6 0.284938 0.601695 0.043109 0.060148
7 0.454665 0.440444 0.013817 0.019265
7 0.546990 0.789336 0.026045 0.034372
6 0.291627 0.502807 0.044563 0.060744
7 0.465481 0.490017 0.015361 0.019471
7 0.465042 0.542950 0.014587 0.020063
0 0.088840 0.547473 0.036872 0.041746
7 0.467085 0.524755 0.016357 0.021359
