7 0.534826 0.644000 0.027391 0.043478
7 0.460147 0.549506 0.024376 0.035692
3 0.498201 0.563746 0.112680 0.189033
7 0.446844 0.619764 0.021911 0.028295
1 0.312282 0.726917 0.624564 0.546166
7 0.544788 0.564414 0.022370 0.031950
2 0.916360 0.362270 0.098598 0.142985
7 0.439524 0.278187 0.015839 0.021087
2 0.927920 0.497778 0.089907 0.144414
3 0.059062 0.878792 0.117845 0.184032
3 0.131351 0.489417 0.094580 0.175873
3 0.973831 0.959363 0.052177 0.081275
7 0.476931 0.263641 0.016756 0.022823
7 0.443479 0.216887 0.016165 0.026073
