5 0.472217 0.354435 0.178696 0.274783
3 0.509381 0.664635 0.112914 0.184836
7 0.652133 0.455006 0.025271 0.034550
7 0.559383 0.715155 0.023689 0.036729
5 0.657249 0.384875 0.160103 0.273575
2 0.902149 0.454039 0.093553 0.137652
7 0.449845 0.721766 0.017045 0.027748
7 0.455810 0.721872 0.027740 0.037605
3 0.049022 0.939236 0.098045 0.121101
3 0.137224 0.581731 0.099949 0.176858
7 0.450026 0.719976 0.027234 0.030127
7 0.466654 0.649841 0.025567 0.036326
7 0.542188 0.739319 0.022498 0.032101
5 0.265485 0.378479 0.269729 0.401223
