10 0.129174 0.460870 0.016957 0.038261
6 0.575261 0.518261 0.037826 0.045217
6 0.530913 0.413913 0.037826 0.048696
6 0.541348 0.503478 0.032609 0.053913
6 0.595478 0.538261 0.039130 0.050435
2 0.092643 0.667508 0.088796 0.140491
6 0.567802 0.441381 0.036271 0.048021
4 0.540332 0.777310 0.116869 0.445381
2 0.491590 0.571780 0.068670 0.150342
5 0.546439 0.455825 0.187542 0.275848
5 0.723810 0.384688 0.203615 0.288311
10 0.102172 0.503172 0.023546 0.031579
5 0.011763 0.598291 0.023526 0.232923
6 0.552335 0.536617 0.029773 0.046697
7 0.108117 0.530041 0.022400 0.030064
6 0.551023 0.542001 0.023016 0.032576
7 0.102048 0.503654 0.021456 0.030848
5 0.122193 0.461597 0.140453 0.238142
6 0.487714 0.940971 0.034911 0.044272
10 0.108299 0.530172 0.022309 0.028568
2 0.615499 0.953074 0.075126 0.093695
10 0.131579 0.488631 0.017240 0.023278
10 0.154053 0.503256 0.021903 0.027971
