3 0.163087 0.318783 0.097826 0.179130
3 0.073739 0.752696 0.143478 0.194783
2 0.539391 0.339652 0.088696 0.158261
3 0.528956 0.412696 0.140870 0.186087
2 0.866130 0.244870 0.090000 0.135652
2 0.556348 0.802261 0.125217 0.231304
1 0.326690 0.603339 0.607201 0.622117
7 0.523938 0.789332 0.026745 0.042012
7 0.490809 0.466483 0.030233 0.040159
7 0.502997 0.089372 0.015387 0.023872
7 0.192549 0.409502 0.028221 0.034125
7 0.129675 0.398474 0.024145 0.032446
7 0.493710 0.398086 0.019715 0.029678
7 0.472004 0.122577 0.015838 0.022558
3 0.503617 0.848818 0.122066 0.178241
