3 0.480696 0.757913 0.127826 0.187826
7 0.433087 0.730087 0.024783 0.041739
7 0.111662 0.432709 0.022051 0.028284
7 0.430095 0.409568 0.028372 0.035303
2 0.808120 0.225230 0.091108 0.106046
7 0.504349 0.408086 0.026704 0.032228
2 0.788696 0.129489 0.087197 0.110960
7 0.429068 0.349836 0.019952 0.028775
3 0.134533 0.368567 0.082336 0.155171
3 0.069847 0.732138 0.105968 0.176276
3 0.465797 0.335606 0.089006 0.152635
7 0.501698 0.348120 0.018115 0.027434
7 0.416015 0.082727 0.014542 0.021650
7 0.166036 0.426855 0.021284 0.029503
