1 0.313739 0.633043 0.542609 0.525217
5 0.032812 0.431017 0.065624 0.236697
2 0.105972 0.438234 0.071722 0.115531
2 0.068216 0.855647 0.101920 0.172711
2 0.417573 0.339467 0.080229 0.124088
3 0.110527 0.487939 0.077179 0.149894
2 0.476025 0.657173 0.089361 0.171437
3 0.111022 0.851390 0.118694 0.150873
3 0.413367 0.401796 0.102824 0.154249
5 0.650741 0.194072 0.181085 0.238379
6 0.480843 0.245945 0.027200 0.037668
5 0.479591 0.267520 0.166977 0.233291
7 0.426077 0.724388 0.024495 0.035398
5 0.135737 0.286241 0.117394 0.171917
