3 0.180043 0.624870 0.110870 0.182609
5 0.366276 0.399491 0.222377 0.422323
7 0.225383 0.624197 0.023851 0.033892
7 0.566453 0.453675 0.018620 0.025457
6 0.366370 0.330102 0.045260 0.059910
6 0.319761 0.341938 0.044663 0.049868
6 0.380834 0.446475 0.046187 0.064178
4 0.518265 0.801105 0.113750 0.392389
6 0.298418 0.512372 0.053420 0.058106
5 0.559089 0.389555 0.140178 0.256995
0 0.196366 0.274949 0.024390 0.073604
7 0.539334 0.450668 0.016789 0.022563
7 0.548568 0.357872 0.015606 0.023423
6 0.334231 0.421798 0.041033 0.060693
6 0.367843 0.542552 0.051642 0.038910
7 0.572033 0.432579 0.019537 0.025219
6 0.408528 0.498928 0.035831 0.037922
2 0.334861 0.421401 0.041093 0.061366
