1 0.319913 0.726783 0.639826 0.546434
7 0.536895 0.642949 0.028340 0.040190
7 0.446993 0.620122 0.022486 0.027916
7 0.459214 0.548706 0.023893 0.034948
3 0.497435 0.562562 0.112930 0.190199
7 0.544215 0.563614 0.022937 0.032442
7 0.447695 0.620561 0.028066 0.038742
2 0.914393 0.359538 0.098180 0.138432
7 0.496151 0.207226 0.014758 0.022916
3 0.130819 0.489755 0.094703 0.175877
3 0.058605 0.879219 0.116918 0.184506
2 0.927575 0.495940 0.090511 0.144837
7 0.438324 0.277083 0.016651 0.023067
3 0.971523 0.957589 0.056821 0.084821
7 0.442007 0.216928 0.016086 0.024673
