1 0.664609 0.526957 0.553043 0.504348
2 0.489826 0.569565 0.073043 0.196522
2 0.500913 0.234783 0.097826 0.121739
2 0.817217 0.300870 0.088696 0.128696
2 0.888304 0.621739 0.116087 0.147826
7 0.478087 0.344348 0.026087 0.041739
7 0.549826 0.357391 0.020870 0.040000
7 0.549826 0.311304 0.026087 0.027826
7 0.828304 0.743478 0.032609 0.043478
7 0.886348 0.740870 0.026087 0.031304
3 0.819174 0.360870 0.095217 0.123478
3 0.512652 0.304348 0.097826 0.146087
3 0.859609 0.687826 0.113478 0.158261
3 0.481348 0.647826 0.157826 0.189565
7 0.835036 0.746448 0.022406 0.032522
7 0.534343 0.647119 0.020069 0.033193
7 0.552476 0.306671 0.016382 0.026521
0 0.468152 0.075028 0.019765 0.052300
7 0.449363 0.631245 0.019714 0.031360
6 0.688318 0.162505 0.032978 0.042232
7 0.844509 0.418670 0.018192 0.024091
6 0.696930 0.200718 0.034522 0.043131
7 0.794794 0.407572 0.023365 0.032294
7 0.482260 0.304625 0.018835 0.033487
0 0.513777 0.060166 0.022289 0.043548
0 0.519799 0.057443 0.035965 0.034588
6 0.658247 0.203925 0.023559 0.029249
6 0.641949 0.185986 0.036149 0.044480
