3 0.483304 0.734435 0.091304 0.179130
7 0.458788 0.309302 0.022646 0.032608
7 0.455326 0.371182 0.025068 0.032503
7 0.124276 0.353736 0.021011 0.028800
7 0.531455 0.380188 0.027844 0.033340
7 0.438406 0.705444 0.022511 0.032464
3 0.152889 0.293934 0.079300 0.160535
3 0.058857 0.659297 0.111163 0.181275
3 0.499178 0.301198 0.089880 0.159671
7 0.531829 0.712647 0.019062 0.027316
3 0.985004 0.846886 0.029992 0.164974
2 0.851865 0.246541 0.083115 0.112407
7 0.453671 0.032004 0.013863 0.021455
7 0.197960 0.298274 0.021033 0.031857
2 0.838903 0.149600 0.088764 0.113563
