4 0.540043 0.792870 0.092609 0.414260
6 0.322454 0.365160 0.049144 0.064732
6 0.250869 0.269207 0.047685 0.056250
7 0.189503 0.578095 0.027657 0.039179
7 0.581315 0.629337 0.024939 0.035567
3 0.138380 0.580573 0.095274 0.177785
3 0.554984 0.554729 0.098436 0.146464
6 0.297933 0.248428 0.043154 0.056687
7 0.522376 0.261812 0.018435 0.025183
7 0.521558 0.331160 0.019023 0.025832
5 0.296947 0.328708 0.225504 0.458189
7 0.481303 0.237855 0.015578 0.024189
6 0.240236 0.448599 0.055708 0.051143
0 0.121395 0.238595 0.020779 0.065432
7 0.500328 0.563619 0.022636 0.033790
2 0.819106 0.331238 0.080060 0.113255
2 0.271878 0.349979 0.045598 0.060239
7 0.517250 0.238734 0.017261 0.026603
6 0.336403 0.262139 0.043892 0.055351
6 0.314677 0.460371 0.045703 0.037175
7 0.495211 0.236496 0.016863 0.026150
