5 0.355478 0.392696 0.240000 0.486957
7 0.224185 0.632634 0.028148 0.040927
6 0.297565 0.319189 0.049917 0.059465
6 0.371250 0.427890 0.051762 0.075016
6 0.347984 0.301037 0.047096 0.067823
4 0.568444 0.779318 0.104851 0.436329
5 0.567820 0.337640 0.163840 0.290780
3 0.171820 0.636713 0.099769 0.188574
6 0.284503 0.507880 0.055055 0.060444
7 0.579884 0.402038 0.021217 0.029661
10 0.580107 0.401784 0.021263 0.030027
6 0.318063 0.407022 0.046784 0.066251
7 0.539551 0.297580 0.016627 0.024731
2 0.876826 0.406912 0.078144 0.116604
0 0.161720 0.275724 0.022534 0.070531
6 0.360219 0.534880 0.049039 0.043448
6 0.404691 0.480662 0.042433 0.043550
