2 0.851783 0.477391 0.079565 0.224348
2 0.382217 0.577391 0.113478 0.170435
6 0.403087 0.585217 0.032609 0.078261
0 0.440261 0.557391 0.088696 0.050435
6 0.977739 0.418261 0.044522 0.085217
6 0.946348 0.275652 0.054783 0.071304
6 0.898739 0.247826 0.037826 0.064348
6 0.920261 0.357391 0.044348 0.057391
10 0.392000 0.395652 0.023478 0.033043
10 0.422000 0.345217 0.020870 0.026087
10 0.438956 0.419130 0.023478 0.027826
10 0.393304 0.444348 0.023478 0.029565
5 0.409160 0.349023 0.167894 0.270478
5 0.903854 0.318437 0.192292 0.377224
7 0.445639 0.423443 0.024174 0.032485
10 0.427023 0.391469 0.021381 0.030602
7 0.467066 0.560703 0.020813 0.029130
5 0.248454 0.506480 0.176336 0.249318
7 0.392193 0.396398 0.022182 0.032621
7 0.395524 0.445724 0.022790 0.027365
7 0.398794 0.423257 0.025065 0.029894
6 0.954988 0.381970 0.042868 0.058720
10 0.427025 0.378164 0.021223 0.027288
10 0.398834 0.422773 0.024851 0.030060
3 0.843487 0.552714 0.119012 0.195954
6 0.391222 0.586215 0.015415 0.083614
6 0.394424 0.581995 0.016503 0.060577
