4 0.536130 0.790261 0.084783 0.419478
7 0.188000 0.570876 0.025753 0.037708
6 0.244460 0.270595 0.045398 0.048373
3 0.548732 0.541318 0.090618 0.151751
5 0.290056 0.323421 0.225922 0.422405
7 0.575008 0.614708 0.030105 0.040495
3 0.138224 0.575412 0.094760 0.180574
7 0.495781 0.552251 0.025742 0.033739
2 0.808996 0.311719 0.080253 0.109361
6 0.316423 0.357330 0.048690 0.064664
6 0.291107 0.244886 0.044743 0.056869
0 0.116953 0.242579 0.021569 0.066274
2 0.265608 0.342837 0.045381 0.059952
6 0.236270 0.442971 0.052208 0.045895
7 0.510814 0.320887 0.019354 0.026133
6 0.311771 0.450825 0.048500 0.033947
