2 0.381565 0.684348 0.106957 0.154783
0 0.463087 0.654783 0.082174 0.064348
2 0.853087 0.609565 0.082174 0.182609
10 0.429826 0.510435 0.020870 0.029565
10 0.460478 0.468696 0.019565 0.029565
10 0.479391 0.540870 0.020870 0.024348
10 0.431130 0.560000 0.026087 0.027826
10 0.461783 0.517391 0.016957 0.022609
5 0.267435 0.593043 0.168261 0.250435
5 0.444174 0.475652 0.161739 0.276522
5 0.894261 0.447826 0.211478 0.377391
6 0.407966 0.678798 0.032203 0.061295
10 0.434774 0.535969 0.021156 0.025602
3 0.839141 0.681139 0.107888 0.175777
0 0.478032 0.645367 0.054082 0.050759
10 0.465960 0.552349 0.015444 0.020695
6 0.970578 0.552268 0.048238 0.068760
7 0.497646 0.650730 0.022205 0.029051
