4 0.369449 0.572696 0.619130 0.506087
6 0.514377 0.383130 0.102029 0.060870
7 0.494667 0.390957 0.044058 0.031304
2 0.528290 0.350087 0.217971 0.147826
7 0.360174 0.424000 0.044058 0.034783
7 0.496985 0.462261 0.057971 0.045217
7 0.084232 0.757913 0.076522 0.055652
7 0.247710 0.825739 0.041739 0.041739
2 0.170072 0.872137 0.339998 0.190442
7 0.401336 0.364445 0.030442 0.028627
3 0.455750 0.414197 0.175179 0.130308
7 0.166351 0.952333 0.054361 0.038609
0 0.494437 0.146467 0.107327 0.049286
7 0.256853 0.122918 0.022591 0.015990
7 0.266752 0.113095 0.021732 0.015424
7 0.236216 0.141296 0.022325 0.016344
7 0.296849 0.084662 0.022568 0.016709
7 0.313643 0.174062 0.030465 0.022985
2 0.333260 0.008603 0.088430 0.017206
4 0.115693 0.617978 0.231126 0.614823
5 0.014346 0.030245 0.028692 0.060491
