6 0.138725 0.408348 0.092754 0.045217
6 0.237275 0.473565 0.085797 0.046957
4 0.476116 0.574609 0.285217 0.850782
2 0.082873 0.909345 0.165455 0.154778
2 0.542606 0.184720 0.112165 0.076466
6 0.018109 0.436267 0.036045 0.032598
6 0.009273 0.493478 0.018450 0.035795
2 0.041406 0.438625 0.082812 0.081596
3 0.074193 0.948622 0.148386 0.102428
1 0.905034 0.150200 0.189885 0.300401
2 0.181058 0.413681 0.262203 0.080138
6 0.018491 0.435497 0.036981 0.053665
7 0.069767 0.994471 0.051358 0.011059
2 0.067369 0.442788 0.134737 0.094092
