5 0.354826 0.717391 0.163043 0.213913
5 0.598087 0.692174 0.148696 0.208696
5 0.137957 0.746957 0.275913 0.349565
2 0.349609 0.915652 0.144783 0.137391
6 0.334609 0.926957 0.052174 0.059130
6 0.360696 0.686087 0.044348 0.053913
5 0.474354 0.704412 0.124333 0.191591
4 0.623411 0.410250 0.482146 0.134007
0 0.462239 0.683370 0.059938 0.058683
0 0.444351 0.739439 0.014449 0.061119
7 0.600993 0.744496 0.016872 0.021078
6 0.388697 0.749660 0.049657 0.055255
2 0.040179 0.733555 0.080064 0.083936
7 0.607491 0.726614 0.015458 0.023090
0 0.509949 0.742961 0.015046 0.046686
7 0.562673 0.737930 0.015877 0.023126
7 0.601792 0.664941 0.015213 0.020413
7 0.568489 0.670044 0.013437 0.017952
7 0.557180 0.697726 0.014960 0.020261
7 0.606488 0.683782 0.013713 0.019426
0 0.476200 0.738763 0.039696 0.060557
7 0.573490 0.741088 0.013749 0.019293
7 0.586621 0.710112 0.014164 0.019327
7 0.561393 0.745475 0.015049 0.019825
7 0.567898 0.704887 0.013367 0.017638
7 0.593726 0.722616 0.013142 0.018687
7 0.621368 0.717491 0.014881 0.020536
7 0.583550 0.728047 0.012991 0.017489
2 0.200928 0.706002 0.076092 0.095765
7 0.628974 0.744088 0.012864 0.019178
3 0.302191 0.958274 0.124824 0.083239
7 0.585074 0.739648 0.013131 0.018597
1 0.258814 0.954861 0.504498 0.090278
7 0.551891 0.676418 0.009886 0.014214
0 0.455411 0.739147 0.016224 0.057920
7 0.572669 0.720619 0.014407 0.018979
7 0.576922 0.681992 0.011690 0.016106
5 0.951460 0.845493 0.097080 0.309014
