7 0.415826 0.535304 0.057971 0.045217
6 0.236159 0.361445 0.250032 0.153326
7 0.237364 0.159920 0.047187 0.039604
0 0.880227 0.239681 0.141813 0.048765
7 0.158346 0.164660 0.047877 0.037526
7 0.343203 0.181238 0.049332 0.038771
5 0.825433 0.176961 0.348561 0.353922
0 0.450497 0.423107 0.082579 0.052174
7 0.181495 0.137565 0.048151 0.039307
7 0.070677 0.164899 0.046661 0.033889
7 0.179068 0.068228 0.043491 0.032348
7 0.310496 0.171125 0.048787 0.049052
7 0.112369 0.116408 0.042233 0.028821
7 0.251415 0.058009 0.040856 0.028602
7 0.110332 0.058014 0.043226 0.028040
7 0.121693 0.015261 0.043298 0.029926
7 0.218819 0.044495 0.041799 0.030316
7 0.128465 0.079573 0.040300 0.030501
7 0.163536 0.114668 0.041863 0.030688
7 0.145984 0.049873 0.043832 0.030202
7 0.215622 0.068623 0.042762 0.029807
7 0.240143 0.018932 0.040352 0.028740
7 0.135451 0.134403 0.042354 0.030047
7 0.143558 0.098605 0.041871 0.028831
7 0.217651 0.111652 0.039078 0.032900
7 0.267296 0.036747 0.042714 0.030834
7 0.319085 0.007397 0.052616 0.014770
7 0.277299 0.005613 0.047546 0.011218
7 0.230810 0.086873 0.039850 0.027425
7 0.097379 0.139998 0.040442 0.029279
7 0.221191 0.075068 0.042894 0.027826
7 0.180902 0.016267 0.042494 0.030294
