5 0.439014 0.640000 0.544928 0.539130
5 0.524812 0.305217 0.364058 0.189565
5 0.881246 0.367826 0.237507 0.328696
7 0.425101 0.564348 0.034783 0.026087
7 0.379884 0.735652 0.037101 0.038261
7 0.441333 0.722609 0.039420 0.036522
7 0.559594 0.713043 0.039420 0.031304
7 0.551478 0.622609 0.032464 0.027826
7 0.378725 0.674783 0.034783 0.034783
7 0.436696 0.664348 0.039420 0.027826
7 0.514377 0.797391 0.046377 0.043478
7 0.628000 0.700000 0.041739 0.040000
7 0.610609 0.606957 0.039420 0.034783
7 0.352058 0.785217 0.041739 0.040000
7 0.590751 0.544165 0.035624 0.026108
7 0.436959 0.793343 0.046007 0.037406
7 0.422276 0.758432 0.046256 0.036404
7 0.566270 0.596085 0.034330 0.024464
7 0.529525 0.590235 0.033134 0.023220
7 0.383831 0.595848 0.036149 0.025198
7 0.582838 0.758469 0.046377 0.035868
7 0.605371 0.656817 0.038268 0.026783
7 0.319857 0.743797 0.044346 0.032858
7 0.438803 0.605131 0.036269 0.026794
7 0.545396 0.552714 0.038711 0.025684
5 0.898346 0.596915 0.200923 0.441036
7 0.385646 0.763046 0.040462 0.031533
7 0.545951 0.677905 0.038001 0.030064
7 0.502393 0.601615 0.031886 0.024305
7 0.580360 0.673643 0.037684 0.027048
7 0.393335 0.565672 0.037252 0.024675
7 0.637048 0.643072 0.041608 0.032349
7 0.419953 0.590233 0.043738 0.027040
7 0.478758 0.674980 0.041022 0.028460
7 0.490443 0.715803 0.041689 0.030389
7 0.367744 0.639959 0.034004 0.024292
7 0.487463 0.550275 0.037590 0.030015
7 0.547424 0.769321 0.044736 0.033895
7 0.630823 0.562304 0.037218 0.025211
7 0.610121 0.717292 0.043606 0.030535
7 0.472223 0.607029 0.031446 0.023592
7 0.482490 0.762582 0.042005 0.030894
7 0.414683 0.653561 0.035044 0.026979
7 0.304305 0.771545 0.047212 0.033013
7 0.495357 0.693392 0.040079 0.028086
7 0.399239 0.638225 0.036182 0.025126
7 0.445018 0.642162 0.034684 0.025237
7 0.337650 0.724435 0.040879 0.030315
7 0.348889 0.685941 0.039827 0.031286
7 0.551172 0.740514 0.045964 0.033922
7 0.569414 0.653474 0.037734 0.029240
7 0.460956 0.544523 0.029345 0.022881
7 0.544509 0.637537 0.036398 0.025220
7 0.536569 0.654892 0.034862 0.025990
7 0.528051 0.699100 0.039643 0.031483
7 0.349155 0.765393 0.041446 0.030936
7 0.496719 0.579796 0.033931 0.024429
7 0.404094 0.641851 0.038722 0.026592
7 0.532332 0.607077 0.034155 0.023435
7 0.514423 0.669959 0.035273 0.026228
7 0.503492 0.649183 0.036018 0.025875
7 0.423669 0.626305 0.034457 0.023107
7 0.581497 0.613207 0.033337 0.024020
7 0.449047 0.571440 0.034846 0.025220
7 0.491057 0.620049 0.032422 0.023541
7 0.509637 0.779552 0.046212 0.031433
7 0.365747 0.708914 0.036250 0.028666
7 0.472857 0.655185 0.035807 0.026713
7 0.396043 0.701041 0.041062 0.031684
7 0.639472 0.600070 0.034385 0.026249
7 0.499924 0.589404 0.034334 0.035242
7 0.479312 0.636172 0.033829 0.023763
7 0.600081 0.570479 0.030129 0.022145
7 0.457502 0.746546 0.039470 0.030003
7 0.518542 0.754134 0.043128 0.033545
7 0.576701 0.608081 0.034845 0.034984
7 0.458234 0.624627 0.031017 0.021804
7 0.380118 0.655841 0.035930 0.026391
7 0.404010 0.550600 0.031558 0.020841
7 0.475909 0.614135 0.034583 0.028653
7 0.591880 0.808319 0.031077 0.025301
7 0.600145 0.666473 0.046045 0.030737
7 0.634592 0.780731 0.039418 0.028309
7 0.372463 0.704447 0.047772 0.031624
7 0.993858 0.629286 0.012013 0.035377
7 0.492301 0.738496 0.039111 0.029236
2 0.989972 0.814577 0.020033 0.100992
2 0.989293 0.839115 0.021277 0.045466
