5 0.281783 0.554783 0.210000 0.302609
5 0.460478 0.555652 0.183913 0.286957
5 0.660696 0.560870 0.200870 0.307826
3 0.166411 0.773571 0.239624 0.274212
7 0.675011 0.595860 0.021527 0.028499
7 0.602741 0.586644 0.022733 0.031516
7 0.657576 0.608412 0.022753 0.030437
7 0.598807 0.652286 0.021317 0.027870
7 0.687371 0.636534 0.020966 0.026907
7 0.630467 0.602104 0.021139 0.027911
7 0.627979 0.633907 0.019913 0.026241
0 0.450504 0.524119 0.087466 0.071804
7 0.676506 0.552708 0.019233 0.024637
7 0.646580 0.637987 0.019603 0.026959
7 0.663077 0.599252 0.027881 0.030771
7 0.651396 0.531878 0.019384 0.027122
7 0.651483 0.562075 0.015639 0.021379
7 0.669798 0.531799 0.020835 0.028141
7 0.627248 0.577045 0.018192 0.024682
7 0.681839 0.656790 0.023163 0.032575
7 0.601337 0.637796 0.022352 0.036676
4 0.772099 0.200006 0.455801 0.214857
0 0.465782 0.528038 0.056496 0.074053
1 0.628333 0.868943 0.719355 0.262115
7 0.599975 0.559796 0.017306 0.021220
0 0.447584 0.571408 0.017779 0.068829
7 0.623547 0.551690 0.017684 0.024931
7 0.602727 0.536652 0.016989 0.020730
7 0.717307 0.924000 0.048701 0.061483
7 0.684635 0.645548 0.022845 0.040168
0 0.466590 0.585530 0.018754 0.065442
0 0.472582 0.622896 0.072561 0.069474
7 0.650020 0.662345 0.021198 0.033697
7 0.614888 0.608594 0.017389 0.022939
0 0.421754 0.605913 0.017205 0.062976
0 0.504132 0.629972 0.027736 0.077486
1 0.473103 0.859360 0.946205 0.281279
7 0.684058 0.626323 0.021102 0.030545
7 0.623057 0.536834 0.016403 0.019535
7 0.708634 0.803991 0.032281 0.046329
7 0.700974 0.651146 0.019837 0.023741
2 0.330387 0.571960 0.043038 0.053826
7 0.615577 0.564917 0.015211 0.018949
7 0.642530 0.575026 0.013620 0.022934
6 0.324877 0.618891 0.054032 0.066573
0 0.445082 0.622162 0.018925 0.063813
7 0.646080 0.549736 0.014891 0.019182
2 0.843466 0.851585 0.203347 0.293448
0 0.493313 0.549727 0.018289 0.052699
0 0.486030 0.520607 0.027366 0.049179
