3 0.457565 0.627826 0.136812 0.194783
3 0.637275 0.639130 0.180870 0.193043
3 0.301043 0.628696 0.176232 0.182609
5 0.473833 0.914084 0.371132 0.163340
5 0.463984 0.586949 0.758880 0.460771
5 0.196573 0.346543 0.393146 0.121234
5 0.515750 0.339352 0.431533 0.131604
7 0.085618 0.925539 0.027674 0.021579
7 0.058042 0.911637 0.028699 0.020689
7 0.074025 0.890242 0.031560 0.022068
3 0.401949 0.452163 0.076815 0.061020
7 0.007124 0.947626 0.014243 0.018136
7 0.034846 0.923666 0.028601 0.022268
7 0.043597 0.887153 0.024884 0.016902
5 0.848504 0.576461 0.302991 0.479072
7 0.012390 0.924038 0.024779 0.019596
5 0.132092 0.906216 0.264184 0.187569
7 0.019507 0.900139 0.024527 0.017030
7 0.005741 0.912470 0.011482 0.015392
7 0.085426 0.893673 0.025972 0.019228
7 0.097048 0.908519 0.024922 0.017177
7 0.075232 0.867246 0.025671 0.017715
7 0.038315 0.864639 0.023416 0.016552
7 0.069052 0.950551 0.031135 0.027641
7 0.030980 0.940708 0.024245 0.020416
7 0.121743 0.938768 0.033617 0.022958
7 0.004563 0.907037 0.009126 0.022182
7 0.112803 0.913779 0.026932 0.019702
7 0.118745 0.954843 0.031494 0.020616
7 0.093951 0.937831 0.025812 0.017452
