7 0.363652 0.379652 0.069565 0.043478
6 0.428580 0.588348 0.134493 0.113043
3 0.442493 0.310957 0.324638 0.177391
2 0.326551 0.230957 0.338551 0.212174
7 0.335826 0.296174 0.055652 0.043478
7 0.554956 0.262261 0.057971 0.052174
7 0.565391 0.360522 0.064928 0.043478
7 0.434377 0.935304 0.076522 0.052174
7 0.695246 0.909217 0.078841 0.055652
10 0.432704 0.588968 0.117076 0.089104
2 0.163184 0.032660 0.056489 0.035828
7 0.751389 0.093486 0.058963 0.046997
5 0.826267 0.029246 0.342812 0.058493
6 0.325560 0.273689 0.133179 0.079836
2 0.029614 0.006802 0.059228 0.013598
7 0.163041 0.033084 0.056721 0.035885
