3 0.449391 0.600870 0.120000 0.151304
3 0.189174 0.573913 0.105652 0.139130
3 0.479391 0.526087 0.096522 0.113043
3 0.332652 0.320870 0.063913 0.092174
2 0.713522 0.531304 0.116087 0.123478
1 0.775565 0.408696 0.448870 0.511304
5 0.463087 0.292174 0.210000 0.320000
5 0.249174 0.303478 0.170870 0.196522
5 0.348956 0.508696 0.187826 0.293913
3 0.118728 0.552330 0.097403 0.120518
2 0.514083 0.729973 0.048113 0.097029
3 0.175019 0.403580 0.067978 0.085784
2 0.479230 0.391327 0.087611 0.092802
3 0.232932 0.480519 0.083784 0.109001
3 0.182848 0.390696 0.049452 0.059345
2 0.441842 0.291364 0.042780 0.097391
6 0.722634 0.551898 0.048312 0.061865
2 0.663131 0.025891 0.043171 0.050222
0 0.693655 0.047427 0.030850 0.032608
2 0.757781 0.008634 0.049719 0.016990
2 0.978325 0.464363 0.043117 0.066470
2 0.502959 0.329539 0.066741 0.053459
2 0.993761 0.461483 0.012479 0.061775
