1 0.435043 0.731304 0.819130 0.537391
3 0.347652 0.506087 0.114783 0.149565
3 0.109326 0.802472 0.161459 0.175872
7 0.684503 0.543825 0.017512 0.023720
2 0.532910 0.944368 0.192886 0.111265
7 0.644611 0.536440 0.015527 0.020308
7 0.638369 0.505786 0.016566 0.023293
7 0.656473 0.543146 0.015113 0.020589
4 0.805904 0.293660 0.388192 0.221492
2 0.129455 0.383788 0.072491 0.090918
7 0.653475 0.520789 0.015410 0.019879
7 0.629197 0.531299 0.014640 0.018452
7 0.670580 0.528165 0.017174 0.020178
7 0.683969 0.523108 0.015408 0.021075
