3 0.819304 0.365217 0.164638 0.187826
3 0.653507 0.336522 0.171594 0.186087
3 0.905594 0.740000 0.188812 0.130435
5 0.679507 0.252174 0.640986 0.483478
5 0.218928 0.239130 0.437855 0.457391
5 0.245391 0.554783 0.306087 0.135652
5 0.634956 0.570435 0.268986 0.142609
1 0.519507 0.821739 0.960986 0.356522
7 0.412348 0.590435 0.046377 0.043478
3 0.521947 0.337696 0.164109 0.191232
7 0.295478 0.551771 0.026433 0.020860
7 0.237038 0.569708 0.028629 0.023117
7 0.255348 0.554756 0.023218 0.018468
3 0.521344 0.375719 0.128188 0.111382
7 0.197824 0.567166 0.021213 0.016291
5 0.230066 0.025060 0.454664 0.050121
7 0.211764 0.556314 0.023811 0.016735
5 0.671388 0.038133 0.531884 0.076126
7 0.268605 0.541691 0.024684 0.018962
5 0.974787 0.428909 0.050427 0.150888
7 0.347390 0.561469 0.024552 0.018585
7 0.267139 0.546299 0.025884 0.024165
