7 0.510899 0.392696 0.044058 0.024348
7 0.360174 0.420522 0.053333 0.034783
7 0.413507 0.367478 0.030145 0.026087
7 0.506261 0.459652 0.048696 0.029565
7 0.255826 0.822261 0.062609 0.048696
7 0.161913 0.957043 0.064928 0.043478
7 0.079594 0.768348 0.067246 0.041739
2 0.532927 0.357913 0.236522 0.149565
6 0.516696 0.379652 0.083478 0.057391
4 0.405391 0.633739 0.718841 0.732522
2 0.170238 0.873807 0.340477 0.192106
3 0.478627 0.418605 0.186679 0.128302
7 0.515062 0.392913 0.064822 0.034996
0 0.511600 0.150343 0.113763 0.049323
7 0.282283 0.111882 0.022375 0.016310
7 0.271806 0.121430 0.021681 0.015125
7 0.234703 0.156241 0.025049 0.019077
2 0.352320 0.009559 0.065817 0.018948
7 0.251234 0.140199 0.023275 0.017579
7 0.313185 0.084023 0.023928 0.017226
