7 0.542203 0.686609 0.092754 0.069565
3 0.887587 0.734491 0.223950 0.145173
3 0.777785 0.365396 0.164037 0.168722
5 0.656282 0.273767 0.673785 0.471292
3 0.615426 0.350612 0.159078 0.181827
3 0.485673 0.346763 0.157971 0.184239
5 0.195858 0.264397 0.391716 0.454786
3 0.485798 0.377742 0.134332 0.121327
5 0.216971 0.042091 0.433568 0.084182
5 0.631735 0.044397 0.486401 0.088610
3 0.031775 0.294293 0.063365 0.181191
5 0.241627 0.566218 0.334162 0.149835
3 0.024710 0.247551 0.049420 0.242649
3 0.039006 0.335085 0.078012 0.207809
