7 0.479594 0.773043 0.051014 0.040000
7 0.691768 0.680870 0.057971 0.036522
7 0.459884 0.648696 0.048696 0.031304
7 0.333507 0.792174 0.055652 0.036522
7 0.385681 0.754783 0.048696 0.031304
7 0.514377 0.719130 0.046377 0.026087
7 0.646551 0.800870 0.051014 0.033043
7 0.615246 0.754783 0.048696 0.038261
7 0.590899 0.663478 0.037101 0.026087
7 0.567710 0.824348 0.051014 0.041739
7 0.460220 0.802861 0.048836 0.037606
7 0.418183 0.813826 0.047168 0.036176
7 0.409062 0.781110 0.052689 0.036355
7 0.615929 0.694411 0.041478 0.030043
7 0.654167 0.649624 0.038940 0.029078
7 0.373178 0.815553 0.048894 0.032960
7 0.442808 0.697800 0.038729 0.027962
7 0.406354 0.719069 0.044561 0.031314
7 0.534962 0.757882 0.048074 0.032784
7 0.577591 0.597171 0.042492 0.028540
7 0.405598 0.640299 0.040517 0.026051
5 0.881930 0.431998 0.236139 0.290195
7 0.512568 0.595754 0.039715 0.029246
7 0.470126 0.710802 0.046112 0.034794
7 0.534218 0.645260 0.034057 0.023899
5 0.920461 0.610701 0.159078 0.447106
7 0.369658 0.732881 0.046038 0.031420
7 0.563608 0.633299 0.036235 0.023865
7 0.538034 0.736290 0.044423 0.028497
7 0.694826 0.731701 0.049640 0.032660
7 0.577306 0.741325 0.042475 0.029926
7 0.413074 0.609792 0.037229 0.023976
5 0.490483 0.674764 0.697996 0.568410
7 0.592858 0.719314 0.042591 0.028979
5 0.550779 0.366919 0.364712 0.171003
7 0.531160 0.808943 0.048985 0.036422
7 0.625024 0.587932 0.038644 0.023875
7 0.501670 0.651350 0.033248 0.022630
7 0.555485 0.711598 0.040947 0.029109
7 0.439387 0.634975 0.035996 0.023177
7 0.523883 0.663654 0.034609 0.023521
7 0.542109 0.691484 0.040732 0.027410
7 0.569016 0.649087 0.034656 0.023152
7 0.323330 0.817311 0.054043 0.036234
7 0.604364 0.638776 0.035948 0.023438
7 0.475841 0.685701 0.038840 0.026471
7 0.579358 0.695581 0.037190 0.026342
7 0.525610 0.623243 0.034421 0.023092
7 0.671748 0.758207 0.049649 0.033026
7 0.686201 0.638938 0.040682 0.027414
7 0.607449 0.813083 0.046390 0.035550
7 0.654325 0.697126 0.040383 0.027782
7 0.588911 0.678542 0.041568 0.025644
7 0.539144 0.782531 0.047999 0.033169
7 0.388095 0.685801 0.039017 0.027331
7 0.359229 0.769791 0.044382 0.029988
7 0.486503 0.589828 0.032221 0.021599
7 0.506754 0.698644 0.039225 0.027413
7 0.462773 0.582432 0.026863 0.017876
7 0.449879 0.670648 0.036768 0.022491
7 0.474216 0.615944 0.037541 0.024814
7 0.425853 0.747257 0.044793 0.033176
7 0.623529 0.654032 0.034917 0.023609
3 0.241525 0.969292 0.199764 0.061387
7 0.572185 0.799243 0.046608 0.033064
7 0.500136 0.791836 0.045707 0.032812
7 0.427765 0.688749 0.044027 0.021619
7 0.515617 0.656819 0.033349 0.025035
7 0.508452 0.657473 0.034667 0.028655
