2 0.753217 0.660000 0.153043 0.182609
2 0.630428 0.662551 0.145200 0.176396
2 0.518948 0.660751 0.127261 0.168167
2 0.413943 0.438520 0.140191 0.052479
2 0.403904 0.663529 0.131009 0.165058
2 0.410979 0.547408 0.101363 0.091236
2 0.785443 0.785006 0.073716 0.044378
2 0.505118 0.547826 0.095936 0.089555
2 0.771349 0.543940 0.123250 0.102507
2 0.643195 0.480752 0.087836 0.079872
2 0.588402 0.546715 0.094867 0.094799
5 0.559742 0.593916 0.880516 0.503770
2 0.495377 0.477890 0.098217 0.082059
3 0.034508 0.912557 0.068923 0.069004
4 0.081853 0.144957 0.163706 0.289914
2 0.323304 0.539835 0.102500 0.088841
7 0.545424 0.990355 0.045701 0.019290
2 0.039944 0.551257 0.079345 0.097175
2 0.607939 0.439035 0.157679 0.060849
2 0.967853 0.402600 0.064295 0.168144
10 0.494141 0.983786 0.031869 0.026094
