1 0.422000 0.663478 0.560870 0.673043
3 0.590261 0.420000 0.112174 0.186087
3 0.292870 0.420870 0.112174 0.187826
5 0.865478 0.605217 0.208696 0.285217
5 0.901435 0.864348 0.197130 0.271304
7 0.830261 0.617391 0.023478 0.038261
7 0.870043 0.659130 0.022174 0.031304
7 0.843304 0.685217 0.018261 0.027826
10 0.855043 0.806087 0.026087 0.043478
10 0.914391 0.862609 0.027391 0.034783
10 0.903304 0.932174 0.028696 0.034783
10 0.948956 0.944348 0.033913 0.038261
10 0.909826 0.838261 0.020870 0.041739
10 0.047000 0.832174 0.024783 0.043478
10 0.022870 0.875652 0.026087 0.050435
7 0.098522 0.682609 0.020870 0.033043
7 0.108956 0.604348 0.018261 0.022609
7 0.055478 0.726087 0.026087 0.026087
7 0.079609 0.727826 0.027391 0.026087
10 0.254776 0.911033 0.027842 0.038119
10 0.868264 0.911187 0.030931 0.040297
10 0.074506 0.829843 0.020429 0.028989
7 0.890232 0.713315 0.020987 0.028476
10 0.011104 0.912028 0.020872 0.038247
7 0.868421 0.697917 0.021594 0.027506
4 0.669609 0.222021 0.498770 0.145627
10 0.026587 0.851296 0.024306 0.030823
7 0.082119 0.671779 0.022949 0.031151
10 0.665344 0.944979 0.021272 0.028770
10 0.842701 0.687340 0.021528 0.026959
7 0.851592 0.663764 0.028607 0.032800
7 0.121239 0.600846 0.022323 0.023843
7 0.850457 0.707262 0.018282 0.024503
10 0.891143 0.969177 0.038793 0.036019
5 0.063668 0.862637 0.126523 0.270588
10 0.585679 0.915774 0.023912 0.033861
7 0.818229 0.655324 0.021389 0.027635
7 0.141945 0.598085 0.013597 0.018545
10 0.012030 0.956962 0.022825 0.048685
7 0.129708 0.611697 0.014904 0.020533
7 0.862715 0.661887 0.026060 0.032851
10 0.038440 0.818969 0.021859 0.031648
3 0.012170 0.966537 0.024334 0.065743
7 0.847527 0.695240 0.017683 0.029932
