1 0.626217 0.753913 0.747565 0.492174
3 0.438460 0.538826 0.123341 0.162425
5 0.202036 0.426556 0.374645 0.340282
5 0.718035 0.439668 0.123208 0.162712
3 0.384358 0.893384 0.186597 0.190674
2 0.833043 0.543695 0.101472 0.144542
2 0.877710 0.843906 0.176592 0.181663
2 0.113181 0.484518 0.075648 0.110927
2 0.322905 0.803910 0.156117 0.157936
3 0.794741 0.587245 0.123823 0.117222
5 0.490707 0.432524 0.111967 0.164387
4 0.826013 0.223313 0.347973 0.141990
3 0.900563 0.928420 0.198873 0.143160
5 0.597633 0.433498 0.112373 0.166197
7 0.696978 0.486314 0.013753 0.017859
2 0.229982 0.488176 0.064952 0.113165
7 0.731131 0.484465 0.017753 0.024030
0 0.589390 0.425896 0.025953 0.036303
10 0.299054 0.147804 0.043266 0.056100
5 0.060241 0.052718 0.120119 0.105188
