7 0.529449 0.673043 0.053333 0.045217
7 0.689449 0.705217 0.053333 0.029565
7 0.556116 0.538261 0.037101 0.026087
7 0.381043 0.694783 0.048696 0.033043
7 0.624522 0.691304 0.057971 0.029565
7 0.624522 0.636522 0.048696 0.027826
7 0.410029 0.612174 0.051014 0.034783
7 0.669739 0.535652 0.041739 0.038261
7 0.605179 0.711395 0.047563 0.030853
7 0.573655 0.774934 0.065841 0.039900
7 0.436898 0.550502 0.040841 0.031031
7 0.555580 0.642577 0.046422 0.031165
7 0.551702 0.715575 0.046211 0.033848
7 0.347758 0.681024 0.047647 0.030759
7 0.585479 0.685088 0.042917 0.031031
7 0.422637 0.704068 0.054330 0.037066
7 0.473465 0.603799 0.034573 0.023712
7 0.614141 0.670838 0.047802 0.029982
7 0.540951 0.690802 0.044131 0.030585
0 0.259432 0.812079 0.239876 0.094690
7 0.505052 0.697086 0.039100 0.028140
7 0.669452 0.592059 0.050777 0.033154
7 0.693278 0.686732 0.047737 0.029084
7 0.488093 0.589093 0.041678 0.024873
7 0.419624 0.683574 0.043688 0.028338
7 0.659011 0.672304 0.048169 0.028101
7 0.434093 0.642400 0.037864 0.028697
7 0.502790 0.567008 0.039204 0.028944
7 0.472547 0.642398 0.036660 0.027949
7 0.655950 0.654343 0.046024 0.027291
7 0.508833 0.618623 0.038517 0.026199
7 0.463825 0.690362 0.040447 0.027670
7 0.483167 0.598549 0.042655 0.035980
7 0.458051 0.710206 0.042738 0.033403
7 0.518200 0.717964 0.038651 0.030608
5 0.911454 0.558494 0.176751 0.636916
7 0.512698 0.704480 0.039826 0.039632
7 0.986703 0.713775 0.026584 0.100728
7 0.454846 0.654918 0.032479 0.032695
