2 0.133087 0.378261 0.076957 0.120000
2 0.436348 0.418261 0.096522 0.116522
2 0.208087 0.260870 0.060000 0.055652
5 0.459826 0.263478 0.127826 0.151304
5 0.560913 0.269565 0.121304 0.173913
5 0.669826 0.276522 0.117391 0.170435
3 0.317652 0.726957 0.148696 0.163478
1 0.274261 0.628696 0.548522 0.474783
0 0.556479 0.271990 0.056083 0.042057
2 0.018575 0.638238 0.037151 0.115241
5 0.244023 0.270644 0.333187 0.272094
3 0.407770 0.461868 0.090118 0.096839
4 0.723233 0.041275 0.469208 0.082549
6 0.483843 0.304104 0.037137 0.038528
6 0.469118 0.252310 0.036813 0.040608
7 0.651859 0.269050 0.011940 0.016967
5 0.027889 0.308953 0.055709 0.319980
2 0.340984 0.250446 0.060784 0.061065
7 0.682647 0.269465 0.014714 0.019286
