1 0.378304 0.553913 0.755217 0.610435
2 0.110452 0.439991 0.124146 0.182001
5 0.968240 0.211611 0.063520 0.231019
0 0.853534 0.182719 0.062692 0.042713
2 0.678711 0.322134 0.128188 0.152726
5 0.869676 0.182687 0.162783 0.196835
2 0.314118 0.228040 0.078088 0.146934
5 0.735885 0.149966 0.162495 0.186254
6 0.739425 0.141090 0.044985 0.044667
7 0.995790 0.249584 0.008419 0.023038
7 0.992195 0.264869 0.014076 0.018682
7 0.995712 0.236275 0.008447 0.019514
7 0.978239 0.257722 0.017885 0.022067
7 0.986004 0.204537 0.015649 0.018496
7 0.995964 0.205512 0.007859 0.019895
