2 0.568087 0.521739 0.112174 0.128696
2 0.231565 0.465217 0.088696 0.106087
2 0.051870 0.717391 0.103739 0.172174
3 0.433739 0.884348 0.213913 0.220870
1 0.334261 0.736522 0.668522 0.526956
5 0.840885 0.401594 0.144373 0.180575
5 0.711466 0.382679 0.128886 0.167755
5 0.599475 0.367161 0.127490 0.157070
0 0.699798 0.379297 0.053452 0.033250
3 0.527055 0.580596 0.111290 0.112339
4 0.834044 0.102779 0.331696 0.131914
2 0.313527 0.355867 0.062820 0.047529
3 0.034706 0.766227 0.069413 0.093060
6 0.602411 0.355620 0.038541 0.038340
2 0.450030 0.362809 0.063405 0.075991
5 0.342752 0.373043 0.356118 0.287140
