7 0.541043 0.460000 0.234203 0.144348
7 0.204812 0.513043 0.113623 0.066087
7 0.269739 0.271304 0.076522 0.055652
7 0.774087 0.336522 0.102029 0.085217
7 0.278272 0.457520 0.108613 0.075622
7 0.170947 0.566227 0.111757 0.079876
7 0.260501 0.552584 0.120443 0.071763
7 0.213302 0.389841 0.087715 0.061763
7 0.731304 0.283164 0.091980 0.059410
7 0.300902 0.359223 0.079618 0.060898
6 0.380878 0.807751 0.235283 0.207080
6 0.692024 0.528425 0.177203 0.209453
7 0.275952 0.403650 0.068666 0.042923
6 0.336134 0.418264 0.077736 0.042325
