3 0.867333 0.720522 0.265333 0.140870
7 0.550319 0.692696 0.062609 0.053913
3 0.737636 0.358477 0.162715 0.164403
3 0.578033 0.348421 0.149562 0.177474
5 0.625150 0.267259 0.690937 0.466208
3 0.452517 0.353645 0.132579 0.174086
5 0.212087 0.561005 0.316318 0.138359
5 0.178559 0.261665 0.357118 0.459024
3 0.452171 0.382946 0.124212 0.108205
7 0.222326 0.561560 0.025046 0.019998
7 0.251984 0.571315 0.026575 0.020221
7 0.167780 0.579494 0.023720 0.016669
5 0.189622 0.041302 0.379155 0.082605
7 0.210957 0.575841 0.022918 0.018679
5 0.591250 0.042369 0.473122 0.084556
7 0.194326 0.589923 0.028162 0.023145
7 0.302327 0.578317 0.024101 0.017374
