1 0.573391 0.470435 0.853217 0.586087
5 0.373234 0.804645 0.126614 0.126547
5 0.498899 0.828439 0.078642 0.121497
3 0.292178 0.553802 0.188629 0.195731
3 0.844527 0.637099 0.179450 0.210521
7 0.726755 0.203000 0.018074 0.026233
5 0.050466 0.905233 0.100366 0.170878
2 0.052223 0.149898 0.087646 0.117423
2 0.818123 0.525915 0.196297 0.189262
2 0.232848 0.436236 0.169609 0.193408
5 0.030335 0.823248 0.060492 0.253387
3 0.388793 0.222698 0.130860 0.182704
7 0.673276 0.179730 0.014546 0.021344
3 0.782120 0.303417 0.135178 0.136441
