9 0.435536 0.466609 0.844058 0.540870
1 0.419304 0.252696 0.426667 0.095652
1 0.313396 0.335391 0.324300 0.140855
3 0.414293 0.310472 0.054190 0.073980
1 0.238021 0.448575 0.225805 0.186811
3 0.302671 0.413213 0.035529 0.089310
3 0.289234 0.412300 0.038356 0.086491
3 0.314233 0.414339 0.038821 0.091075
3 0.323874 0.417130 0.043084 0.102640
3 0.277723 0.410705 0.036586 0.098003
3 0.264692 0.407723 0.036687 0.091709
3 0.339079 0.423021 0.042361 0.105624
3 0.226802 0.402832 0.037915 0.095804
3 0.307961 0.401977 0.034940 0.081919
3 0.214507 0.399665 0.037312 0.090233
3 0.252966 0.407261 0.035275 0.085771
3 0.238537 0.403506 0.039250 0.097576
3 0.325884 0.400179 0.037056 0.078163
3 0.331737 0.390965 0.029447 0.066664
3 0.305112 0.384658 0.028039 0.077847
3 0.295163 0.387736 0.030029 0.060726
3 0.355774 0.425489 0.044581 0.104653
3 0.336953 0.400189 0.034679 0.081785
3 0.313819 0.386229 0.029741 0.066236
3 0.203514 0.398224 0.032248 0.087205
3 0.369464 0.383152 0.033114 0.083377
