10 0.390319 0.563130 0.192464 0.139130
10 0.753217 0.497043 0.088116 0.059130
10 0.711478 0.270957 0.088116 0.045217
10 0.632967 0.334340 0.070044 0.048581
10 0.619681 0.511942 0.088014 0.059224
10 0.393901 0.375059 0.073024 0.050079
10 0.535425 0.515068 0.102141 0.080638
10 0.444393 0.451436 0.084601 0.055882
10 0.423457 0.297019 0.060406 0.037877
10 0.574297 0.286305 0.074647 0.041745
10 0.712541 0.533731 0.084446 0.044698
10 0.609722 0.434562 0.085180 0.052377
10 0.691570 0.322157 0.065073 0.039315
10 0.449719 0.336879 0.072999 0.038826
10 0.478630 0.302710 0.070984 0.040728
10 0.283126 0.443908 0.095134 0.057217
10 0.816171 0.320808 0.059376 0.040889
10 0.728171 0.571720 0.094439 0.051380
10 0.839552 0.492820 0.105652 0.079183
10 0.727318 0.299725 0.060105 0.033923
10 0.665297 0.534557 0.056098 0.055986
10 0.652370 0.282852 0.060523 0.035480
10 0.365907 0.298524 0.064982 0.037040
10 0.457547 0.495370 0.084675 0.044992
10 0.248273 0.511983 0.084725 0.063440
10 0.519567 0.447513 0.079255 0.043487
10 0.780986 0.578450 0.068867 0.059334
