7 0.399594 0.739652 0.048696 0.033043
5 0.551492 0.328845 0.349341 0.185607
7 0.461797 0.729910 0.045837 0.034057
7 0.628167 0.613820 0.035629 0.027957
5 0.885005 0.391938 0.228843 0.303372
7 0.404898 0.767449 0.039931 0.032020
7 0.458221 0.670961 0.041813 0.033105
5 0.904045 0.649235 0.190810 0.525417
7 0.443312 0.761622 0.046631 0.036213
7 0.604185 0.764203 0.045663 0.032998
7 0.456272 0.612110 0.036631 0.027511
7 0.563345 0.561666 0.038536 0.025422
7 0.338552 0.746514 0.043260 0.032678
7 0.458132 0.795379 0.044477 0.036727
5 0.467916 0.640619 0.583249 0.543668
7 0.584283 0.604294 0.035187 0.023866
7 0.510091 0.720576 0.043141 0.030519
7 0.546977 0.598000 0.033921 0.022779
7 0.322657 0.773493 0.046282 0.034101
7 0.399947 0.679319 0.042076 0.029294
7 0.657349 0.652723 0.041866 0.032567
7 0.402580 0.600518 0.038044 0.026586
7 0.581977 0.718513 0.043135 0.033298
7 0.409923 0.571285 0.034378 0.023361
7 0.658712 0.608378 0.035228 0.027468
7 0.356088 0.726055 0.039280 0.028044
7 0.515819 0.698980 0.039436 0.027808
7 0.497909 0.682185 0.041639 0.029456
7 0.536317 0.804166 0.047458 0.037147
7 0.624098 0.663307 0.038774 0.027386
7 0.520189 0.608521 0.031069 0.023137
7 0.607713 0.552808 0.036020 0.024656
7 0.589413 0.659915 0.038332 0.028466
7 0.654711 0.701196 0.044883 0.031963
7 0.556281 0.661619 0.035105 0.025355
7 0.600392 0.680720 0.038609 0.027021
7 0.565856 0.683433 0.037065 0.028932
7 0.384451 0.713073 0.037766 0.027838
7 0.466922 0.577753 0.032320 0.022418
7 0.434069 0.596903 0.034509 0.023670
7 0.490444 0.613696 0.032833 0.022851
7 0.505601 0.557937 0.039890 0.029858
7 0.433847 0.658030 0.034600 0.025393
7 0.600423 0.620312 0.031792 0.024241
7 0.570931 0.627185 0.034187 0.024245
7 0.366655 0.690724 0.038648 0.029578
7 0.533459 0.675962 0.035821 0.025434
7 0.570750 0.773917 0.044695 0.031999
7 0.549517 0.606989 0.034177 0.037174
7 0.415595 0.705328 0.041173 0.031310
7 0.562954 0.643445 0.033642 0.026070
7 0.513011 0.586606 0.031044 0.022700
7 0.372286 0.790638 0.043539 0.034393
7 0.385238 0.644990 0.034826 0.025048
7 0.522878 0.655150 0.036125 0.025721
7 0.632392 0.723544 0.044362 0.031239
7 0.366650 0.769685 0.042670 0.031644
7 0.549676 0.705569 0.038508 0.028949
7 0.463667 0.648072 0.035309 0.025920
7 0.504125 0.767934 0.042996 0.032787
7 0.530371 0.783879 0.043587 0.031304
7 0.509568 0.626992 0.031191 0.023317
7 0.442098 0.631607 0.033406 0.022171
7 0.417990 0.643566 0.035130 0.023682
7 0.646318 0.571670 0.035534 0.027215
7 0.479638 0.551972 0.031917 0.021535
7 0.491410 0.660919 0.035464 0.026838
7 0.619064 0.578579 0.029805 0.021457
7 0.572495 0.746481 0.045105 0.032712
7 0.512917 0.743251 0.040679 0.029977
7 0.333580 0.688809 0.039031 0.029889
7 0.477768 0.750819 0.040587 0.030494
7 0.539511 0.760316 0.041689 0.031712
7 0.458268 0.544393 0.026038 0.017453
7 0.422608 0.557139 0.032453 0.021390
7 0.311485 0.723652 0.040194 0.029379
7 0.396586 0.660595 0.036930 0.026257
7 0.442028 0.570818 0.030590 0.020570
7 0.497702 0.642749 0.033763 0.023887
7 0.476886 0.630529 0.031568 0.022146
7 0.562241 0.842148 0.056635 0.030519
7 0.495587 0.620293 0.030731 0.028377
7 0.461847 0.656246 0.037426 0.036684
