1 0.613739 0.670435 0.600000 0.659130
4 0.707652 0.258261 0.435652 0.116522
10 0.234826 0.833913 0.040435 0.040000
10 0.165696 0.824348 0.032609 0.038261
10 0.198304 0.753043 0.024783 0.045217
5 0.888304 0.518261 0.183913 0.198261
5 0.221783 0.573043 0.176087 0.189565
5 0.193087 0.791304 0.189130 0.344348
3 0.390696 0.428696 0.104348 0.158261
3 0.648304 0.411304 0.090000 0.158261
10 0.179140 0.783542 0.034203 0.048798
10 0.168135 0.862974 0.042628 0.049620
5 0.945605 0.674582 0.108790 0.284220
5 0.095383 0.691681 0.190601 0.614339
10 0.239363 0.860715 0.035215 0.034406
10 0.227240 0.752045 0.026825 0.033079
