7 0.536406 0.496174 0.294493 0.203478
7 0.146112 0.600766 0.111921 0.083456
7 0.799915 0.345655 0.109098 0.080983
7 0.179350 0.532750 0.095432 0.075789
6 0.324579 0.448417 0.093849 0.075367
7 0.286500 0.370027 0.086207 0.064922
7 0.255284 0.477271 0.095596 0.069035
7 0.751144 0.288140 0.104791 0.065839
7 0.323245 0.446928 0.089822 0.071459
7 0.194308 0.402665 0.091603 0.065084
7 0.259304 0.420760 0.075855 0.052085
7 0.259118 0.273965 0.086204 0.063091
7 0.475277 0.340025 0.095149 0.069303
6 0.764996 0.557287 0.207226 0.226545
