6 0.384522 0.533043 0.083478 0.067826
5 0.410232 0.201739 0.820464 0.403478
5 0.876609 0.541739 0.246782 0.231304
2 0.521333 0.779130 0.180870 0.139130
6 0.350613 0.584200 0.065386 0.041990
7 0.954059 0.583514 0.028645 0.021790
7 0.538388 0.862697 0.056627 0.038830
6 0.356754 0.547234 0.043847 0.041788
3 0.848747 0.448557 0.064867 0.049500
7 0.545167 0.818513 0.047366 0.033937
7 0.909532 0.576264 0.028119 0.020275
10 0.201094 0.957486 0.039162 0.028267
7 0.990315 0.590604 0.019237 0.020120
7 0.958494 0.611240 0.026937 0.020183
4 0.128171 0.667232 0.256341 0.642729
5 0.856115 0.150690 0.287771 0.301379
7 0.922635 0.590269 0.024891 0.018784
7 0.981610 0.616388 0.027362 0.018503
3 0.690963 0.443248 0.060397 0.042937
7 0.981859 0.612693 0.024328 0.016522
7 0.878400 0.586400 0.029391 0.021546
5 0.865546 0.250401 0.268908 0.498858
7 0.940082 0.621199 0.025625 0.020663
6 0.541560 0.804088 0.083754 0.057516
7 0.994685 0.609395 0.010629 0.022905
