1 0.450348 0.673043 0.900696 0.653913
3 0.094299 0.923369 0.187291 0.153262
7 0.475717 0.273085 0.018582 0.025447
7 0.495612 0.298959 0.015815 0.021879
7 0.496626 0.278883 0.015192 0.020649
7 0.744440 0.805004 0.048862 0.057243
7 0.537072 0.283801 0.017763 0.026318
7 0.509827 0.300473 0.014737 0.020899
7 0.477909 0.304641 0.015758 0.021542
7 0.528388 0.263935 0.015025 0.021191
7 0.505319 0.258395 0.013519 0.020043
7 0.554329 0.388726 0.024419 0.034487
7 0.516004 0.277355 0.015243 0.021319
7 0.523505 0.221427 0.015069 0.022483
