5 0.557000 0.493913 0.176087 0.260870
5 0.717435 0.530435 0.176087 0.243478
5 0.888956 0.540870 0.172174 0.246957
3 0.487870 0.673043 0.170870 0.260870
1 0.633391 0.808696 0.733217 0.382608
1 0.794186 0.828145 0.404545 0.334599
5 0.222672 0.448141 0.425565 0.543171
2 0.061496 0.522842 0.105447 0.155805
5 0.877251 0.388813 0.129230 0.130232
5 0.596211 0.341308 0.108887 0.146989
10 0.365268 0.026171 0.050522 0.052045
2 0.213376 0.550690 0.094098 0.171962
2 0.594079 0.514462 0.047171 0.053761
2 0.135127 0.458696 0.080256 0.140938
0 0.704563 0.496324 0.044554 0.060691
4 0.917953 0.239913 0.164067 0.158424
5 0.726456 0.364394 0.125078 0.126559
