7 0.572000 0.748696 0.018261 0.022609
2 0.296783 0.906957 0.127826 0.140870
4 0.585696 0.391304 0.486522 0.121739
5 0.320261 0.707826 0.143478 0.184348
5 0.566783 0.693043 0.140870 0.200000
5 0.443522 0.706087 0.126522 0.191304
5 0.124530 0.749523 0.249059 0.342108
0 0.411854 0.741547 0.014862 0.066451
6 0.330046 0.690344 0.042160 0.046628
0 0.436343 0.688268 0.056370 0.046075
7 0.541491 0.671950 0.012881 0.018531
6 0.354417 0.751122 0.046856 0.053669
7 0.580066 0.730648 0.015895 0.024088
6 0.298139 0.934045 0.051752 0.063690
7 0.590286 0.738097 0.012650 0.018416
7 0.579879 0.687173 0.013511 0.020111
0 0.446305 0.741323 0.033811 0.062661
7 0.532278 0.748697 0.015219 0.020650
7 0.529851 0.701662 0.013907 0.019049
7 0.535163 0.735978 0.014611 0.019499
7 0.574411 0.667510 0.015011 0.020292
7 0.544487 0.723556 0.014506 0.021431
0 0.480429 0.743676 0.013546 0.051049
7 0.594372 0.722099 0.014951 0.021870
7 0.565675 0.727080 0.012616 0.017720
2 0.024956 0.728802 0.049476 0.073252
7 0.545058 0.746152 0.013357 0.020654
7 0.555054 0.731949 0.012191 0.016867
7 0.601663 0.749285 0.013720 0.019646
2 0.169987 0.704321 0.074939 0.097033
0 0.426174 0.741126 0.016354 0.061334
7 0.576700 0.708740 0.012950 0.018341
7 0.563557 0.729253 0.015749 0.019496
7 0.533964 0.740394 0.015376 0.022197
0 0.420647 0.740325 0.021401 0.063257
7 0.577804 0.678763 0.014323 0.023319
7 0.540412 0.706710 0.011577 0.016260
7 0.556271 0.740835 0.013840 0.019776
7 0.544773 0.727502 0.012881 0.017502
7 0.557749 0.713986 0.011863 0.016666
7 0.568916 0.725036 0.011211 0.015192
