4 0.562406 0.598783 0.875188 0.579130
2 0.857565 0.418783 0.268986 0.187826
2 0.199014 0.144000 0.176232 0.139130
2 0.405391 0.822261 0.338551 0.229565
3 0.763652 0.454435 0.224928 0.151304
3 0.252348 0.202261 0.204058 0.130435
7 0.827958 0.443456 0.055199 0.035208
7 0.793145 0.506820 0.048817 0.034290
2 0.803336 0.050110 0.052526 0.038757
7 0.333617 0.708185 0.059848 0.041548
0 0.886335 0.205073 0.131616 0.040125
7 0.229831 0.790085 0.066547 0.046117
7 0.862007 0.040472 0.036088 0.027443
0 0.965720 0.186740 0.068560 0.030901
7 0.665617 0.447956 0.040306 0.029727
7 0.182366 0.168700 0.047623 0.035090
7 0.926286 0.124759 0.030058 0.020074
7 0.724846 0.398889 0.035701 0.027175
7 0.285465 0.266546 0.029582 0.023367
7 0.835685 0.442118 0.033766 0.024798
4 0.497425 0.370290 0.977895 0.731846
7 0.920472 0.055856 0.033835 0.026759
7 0.363339 0.893454 0.058596 0.047268
0 0.884522 0.165372 0.036998 0.072009
6 0.848004 0.430472 0.089986 0.063068
7 0.807856 0.222757 0.035475 0.027247
4 0.175882 0.579691 0.351760 0.538720
