5 0.600043 0.334435 0.416087 0.638261
7 0.593522 0.414435 0.050870 0.057391
7 0.588956 0.537043 0.041739 0.055652
7 0.495043 0.390087 0.041739 0.067826
7 0.565478 0.357043 0.018261 0.050435
7 0.579826 0.265739 0.033913 0.062609
7 0.481348 0.577913 0.050870 0.060870
7 0.483793 0.333298 0.037033 0.049266
7 0.625957 0.384805 0.041289 0.054480
7 0.546205 0.484321 0.041905 0.059096
7 0.498935 0.488778 0.039784 0.054527
7 0.537593 0.362934 0.038736 0.051769
7 0.543471 0.413324 0.042159 0.058406
7 0.580548 0.486610 0.041554 0.058660
7 0.654969 0.469264 0.042734 0.055887
7 0.487840 0.429569 0.041529 0.052801
7 0.492442 0.530724 0.043151 0.057167
7 0.646844 0.508805 0.039001 0.051496
7 0.643606 0.437667 0.038515 0.048688
7 0.606525 0.323793 0.032719 0.046174
