3 0.503942 0.498783 0.262029 0.194783
2 0.386422 0.436591 0.270931 0.170908
7 0.420392 0.547148 0.054739 0.038051
6 0.112896 0.215859 0.096284 0.072825
7 0.396285 0.486812 0.054266 0.035041
7 0.592518 0.526556 0.053376 0.035940
6 0.142161 0.146288 0.086357 0.057638
7 0.571846 0.439251 0.046974 0.036462
7 0.877889 0.164348 0.033599 0.026318
7 0.929148 0.164978 0.035856 0.026109
6 0.220987 0.207600 0.076453 0.059565
10 0.035555 0.931053 0.041382 0.033997
7 0.783729 0.196286 0.030887 0.022942
7 0.799661 0.131952 0.034955 0.024846
7 0.839796 0.177761 0.033878 0.023750
6 0.383947 0.473031 0.100600 0.056926
7 0.864504 0.136498 0.033976 0.026854
6 0.213559 0.133466 0.084046 0.059755
7 0.784552 0.177836 0.033870 0.026993
10 0.059164 0.701459 0.043703 0.032342
7 0.766485 0.090732 0.037463 0.029801
5 0.810274 0.138526 0.379452 0.277052
7 0.889136 0.138929 0.029237 0.021818
7 0.864244 0.058796 0.033905 0.025490
6 0.209306 0.250405 0.082156 0.047703
7 0.812601 0.041578 0.033826 0.025602
7 0.821818 0.160200 0.030514 0.022493
7 0.036506 0.930662 0.045619 0.034844
7 0.827040 0.085166 0.028186 0.020654
5 0.648498 0.017910 0.129539 0.035726
7 0.757964 0.184737 0.032173 0.022994
7 0.852306 0.087115 0.028998 0.022214
7 0.774892 0.054487 0.029324 0.021430
7 0.915706 0.191010 0.033057 0.025904
7 0.861633 0.190467 0.032964 0.023039
