1 0.419391 0.584348 0.675652 0.535652
5 0.674057 0.247595 0.113688 0.145997
2 0.204359 0.600594 0.132150 0.159466
5 0.894405 0.246534 0.143889 0.159343
2 0.660524 0.384298 0.104582 0.120857
2 0.508505 0.262597 0.061685 0.061432
3 0.624218 0.440633 0.113669 0.115914
3 0.601311 0.691974 0.164480 0.207368
3 0.184067 0.658093 0.098067 0.112926
5 0.779893 0.245474 0.124076 0.151298
5 0.413268 0.275378 0.336701 0.281911
2 0.324129 0.371154 0.087830 0.121927
6 0.670726 0.233614 0.034017 0.034970
0 0.760841 0.248657 0.041881 0.035040
7 0.866274 0.253151 0.011743 0.017625
7 0.898608 0.285241 0.014250 0.019661
3 0.325227 0.410344 0.098561 0.081568
4 0.908707 0.019452 0.182585 0.038905
7 0.911952 0.281983 0.013993 0.017654
7 0.889631 0.244220 0.015180 0.019614
7 0.643176 0.765233 0.034462 0.040628
6 0.660223 0.397823 0.038656 0.051585
