6 0.517855 0.713913 0.104348 0.081739
2 0.870319 0.589565 0.211014 0.153043
2 0.551478 0.421739 0.139130 0.116522
2 0.054290 0.601739 0.108580 0.149565
3 0.864522 0.669565 0.204058 0.142609
3 0.608290 0.455652 0.136812 0.080000
3 0.089072 0.634783 0.178144 0.156522
5 0.196696 0.340000 0.333913 0.241739
5 0.523652 0.255652 0.306087 0.184348
7 0.144781 0.583333 0.032503 0.025756
7 0.057844 0.685039 0.046785 0.033332
2 0.257437 0.062861 0.121461 0.116922
7 0.017156 0.638097 0.034312 0.027085
7 0.448016 0.987497 0.049015 0.025005
7 0.271808 0.374139 0.021966 0.016975
7 0.179731 0.632457 0.034929 0.024190
7 0.254977 0.359322 0.024515 0.018705
3 0.021656 0.258319 0.043312 0.048732
7 0.960551 0.677315 0.039960 0.030329
2 0.260970 0.960320 0.263762 0.079361
7 0.643204 0.455772 0.029731 0.021474
7 0.808118 0.673050 0.038742 0.025616
7 0.183691 0.343541 0.023603 0.017730
7 0.220296 0.404210 0.019963 0.014179
7 0.301585 0.369753 0.022069 0.015113
7 0.199953 0.308841 0.019622 0.014601
7 0.839529 0.618608 0.048123 0.030915
7 0.385053 0.906981 0.041918 0.029935
7 0.236492 0.315664 0.024041 0.016920
2 0.182635 0.072144 0.130916 0.119062
2 0.107880 0.080835 0.128423 0.123690
7 0.215440 0.393190 0.019431 0.014787
7 0.234443 0.379072 0.021283 0.015789
7 0.279653 0.349055 0.017605 0.012375
6 0.022553 0.625486 0.045106 0.047624
3 0.012021 0.254702 0.024043 0.096614
7 0.881048 0.726486 0.035881 0.024424
7 0.598242 0.442495 0.023824 0.016883
5 0.586282 0.068938 0.424746 0.137875
3 0.404620 0.985135 0.160960 0.029730
3 0.402565 0.969762 0.162520 0.060476
7 0.186646 0.364059 0.020855 0.015140
