5 0.514377 0.507826 0.677101 0.542609
0 0.469159 0.533913 0.234203 0.059130
0 0.352058 0.417391 0.074203 0.066087
0 0.433217 0.451304 0.060290 0.106087
0 0.582783 0.440000 0.183188 0.045217
0 0.639594 0.626957 0.190145 0.078261
0 0.346261 0.520870 0.108986 0.088696
0 0.400754 0.612174 0.190145 0.100870
0 0.632082 0.513818 0.108572 0.148526
0 0.631276 0.686481 0.088000 0.053330
0 0.466064 0.592754 0.094873 0.046690
0 0.532015 0.480249 0.081399 0.064249
0 0.614545 0.628819 0.084696 0.038402
0 0.556010 0.400909 0.085156 0.036327
0 0.559658 0.588575 0.116962 0.086469
7 0.578738 0.474179 0.029257 0.023449
0 0.526289 0.400179 0.078464 0.037347
0 0.656927 0.566720 0.080248 0.078095
0 0.490983 0.635554 0.156305 0.055468
0 0.548705 0.505736 0.030107 0.062410
0 0.642397 0.488834 0.073939 0.094649
0 0.517321 0.626323 0.133195 0.057341
0 0.544887 0.479008 0.053863 0.054353
0 0.425517 0.567282 0.091672 0.060084
0 0.491222 0.589984 0.045773 0.047110
0 0.606101 0.522443 0.070807 0.126175
0 0.438312 0.575001 0.083799 0.056695
0 0.562697 0.536605 0.031640 0.047402
0 0.466448 0.612634 0.068427 0.026630
0 0.473645 0.559970 0.047536 0.042457
0 0.451494 0.630638 0.076406 0.050296
0 0.695754 0.638779 0.066139 0.031669
0 0.460713 0.601275 0.074071 0.027044
0 0.638397 0.603202 0.028063 0.050215
0 0.301307 0.645135 0.085853 0.045172
0 0.335386 0.482502 0.084237 0.165303
0 0.609678 0.474381 0.040074 0.050818
0 0.506978 0.588230 0.072975 0.048589
0 0.433231 0.564935 0.133074 0.069843
0 0.580919 0.556200 0.051934 0.060956
0 0.344307 0.635190 0.060437 0.034045
3 0.904137 0.941873 0.191509 0.112101
0 0.513054 0.463667 0.063168 0.028326
