7 0.574667 0.603478 0.185507 0.163478
7 0.621043 0.377391 0.088116 0.069565
7 0.268580 0.438261 0.074203 0.073043
7 0.490029 0.343478 0.076522 0.071304
7 0.265879 0.539112 0.099597 0.069625
7 0.678051 0.357909 0.080795 0.063093
7 0.109195 0.572680 0.100884 0.074025
7 0.209916 0.469386 0.092792 0.063948
7 0.640767 0.309094 0.088850 0.055415
7 0.214163 0.291746 0.076307 0.054726
7 0.142739 0.515790 0.092879 0.068622
7 0.237459 0.376689 0.075923 0.056644
7 0.437416 0.398272 0.082010 0.059310
7 0.156469 0.406027 0.078734 0.055663
7 0.406315 0.350716 0.081841 0.052772
7 0.302601 0.390163 0.072852 0.056981
7 0.212583 0.419642 0.067475 0.044469
7 0.325562 0.334496 0.072581 0.057558
7 0.552520 0.383240 0.074415 0.058937
7 0.258997 0.498841 0.077248 0.044808
7 0.192215 0.557971 0.094414 0.066232
7 0.085745 0.359600 0.104040 0.070683
