2 0.827652 0.613913 0.114783 0.139130
5 0.521783 0.367826 0.194348 0.325217
2 0.461130 0.340870 0.041739 0.104348
2 0.540043 0.450435 0.087391 0.083478
3 0.354174 0.386957 0.060000 0.085217
3 0.175478 0.504348 0.091304 0.125217
3 0.540696 0.690435 0.122609 0.184348
5 0.249174 0.362609 0.173478 0.227826
5 0.412217 0.593043 0.186522 0.316522
3 0.550371 0.603182 0.094912 0.124080
3 0.157512 0.668331 0.102584 0.144645
3 0.250600 0.681456 0.112581 0.142986
2 0.701583 0.068459 0.044955 0.054153
3 0.274235 0.588639 0.101237 0.121742
1 0.789172 0.510893 0.408498 0.577755
2 0.548802 0.388378 0.080772 0.066010
2 0.793750 0.037356 0.053400 0.044793
0 0.731443 0.088766 0.029530 0.030217
2 0.586311 0.824739 0.045973 0.088525
