6 0.441333 0.727826 0.183188 0.120000
2 0.532870 0.424793 0.128358 0.118018
5 0.182895 0.341402 0.321631 0.237415
2 0.844331 0.599933 0.200112 0.147601
5 0.501773 0.245721 0.299981 0.192262
3 0.074596 0.649050 0.149191 0.154627
2 0.032094 0.596563 0.064094 0.116271
7 0.144763 0.634302 0.036750 0.026227
2 0.227052 0.053539 0.122564 0.107041
7 0.108614 0.583720 0.035123 0.028709
7 0.021635 0.686387 0.039290 0.030002
7 0.356577 0.916398 0.042125 0.031960
3 0.580433 0.451513 0.114374 0.077994
7 0.781687 0.674407 0.041821 0.028869
3 0.848157 0.666391 0.214172 0.147101
7 0.238145 0.368734 0.022910 0.018020
7 0.423261 0.992720 0.047236 0.014559
7 0.222797 0.354074 0.023356 0.018493
7 0.147024 0.336053 0.025122 0.019543
7 0.816443 0.619058 0.047717 0.033452
2 0.149470 0.060568 0.137521 0.121136
7 0.185960 0.399770 0.021910 0.016842
2 0.244016 0.966249 0.323054 0.067503
7 0.934130 0.677539 0.037799 0.025360
7 0.268779 0.363743 0.023614 0.017410
7 0.855824 0.728496 0.037859 0.025495
7 0.201572 0.308088 0.023899 0.017470
7 0.178641 0.358908 0.024062 0.017191
7 0.614677 0.453116 0.028470 0.020007
7 0.200530 0.372521 0.021983 0.016428
7 0.166229 0.302520 0.021547 0.015961
7 0.181507 0.388163 0.019885 0.015534
7 0.246753 0.343135 0.019409 0.013586
7 0.151513 0.357890 0.021647 0.015282
2 0.070947 0.067136 0.139995 0.130996
5 0.561981 0.066149 0.421525 0.132299
7 0.220508 0.332036 0.026301 0.017615
3 0.009758 0.245515 0.019429 0.064544
