4 0.667217 0.380000 0.487826 0.126957
5 0.401783 0.662609 0.118696 0.191304
5 0.623522 0.647826 0.139565 0.189565
5 0.508087 0.656522 0.109565 0.179130
5 0.174478 0.688696 0.348956 0.292174
6 0.401783 0.633043 0.043043 0.055652
6 0.423956 0.688696 0.035217 0.052174
2 0.377899 0.835787 0.126439 0.144577
0 0.501557 0.640049 0.052583 0.045707
7 0.648537 0.675732 0.012282 0.021363
7 0.628204 0.699578 0.014339 0.020347
0 0.479814 0.684009 0.013507 0.059854
2 0.102080 0.671679 0.081526 0.079618
2 0.253255 0.647261 0.070805 0.086274
7 0.630936 0.625584 0.014695 0.020774
7 0.635717 0.643087 0.012798 0.017530
7 0.635010 0.683378 0.014847 0.023167
1 0.241241 0.921958 0.482039 0.155998
0 0.540825 0.691974 0.013000 0.041454
7 0.599002 0.626777 0.011863 0.017162
0 0.511257 0.685479 0.035572 0.056873
7 0.591183 0.693446 0.016148 0.027097
2 0.012436 0.836488 0.024872 0.176857
7 0.587481 0.654191 0.015350 0.022930
7 0.592042 0.688141 0.013770 0.020243
2 0.009780 0.866328 0.019507 0.118291
2 0.016990 0.868885 0.033980 0.114905
7 0.614222 0.696487 0.012407 0.018927
7 0.613538 0.667366 0.013122 0.020581
