2 0.779884 0.264000 0.220290 0.215652
7 0.157669 0.558326 0.050500 0.036066
6 0.501545 0.569451 0.107088 0.094127
7 0.113656 0.476366 0.047166 0.036855
3 0.831358 0.308732 0.165578 0.116577
7 0.305041 0.142569 0.035590 0.027769
7 0.240040 0.145387 0.032709 0.024029
7 0.203423 0.114944 0.032650 0.025412
5 0.249739 0.145636 0.441159 0.291272
7 0.283009 0.073834 0.033870 0.025563
7 0.371655 0.158528 0.029655 0.022975
7 0.326645 0.164640 0.031985 0.023887
2 0.011030 0.511707 0.022012 0.113928
7 0.304568 0.114334 0.038094 0.024216
5 0.754194 0.068609 0.459280 0.137218
3 0.072710 0.555192 0.145065 0.217274
7 0.342793 0.127562 0.029413 0.020341
7 0.270828 0.170104 0.029897 0.023817
7 0.160707 0.125149 0.033995 0.024247
7 0.877406 0.320957 0.048199 0.031166
7 0.125032 0.093981 0.033245 0.026023
7 0.178532 0.075965 0.029405 0.022047
7 0.239395 0.190377 0.027194 0.023471
7 0.234537 0.065071 0.030685 0.024560
7 0.328760 0.141456 0.027119 0.021571
7 0.271251 0.049634 0.027324 0.021026
