9 0.440174 0.454783 0.802319 0.530435
1 0.412348 0.251304 0.435942 0.123478
1 0.311242 0.339027 0.315110 0.137941
3 0.413415 0.312187 0.052502 0.071035
5 0.735340 0.397714 0.029320 0.280588
1 0.237554 0.450494 0.227531 0.188220
3 0.296239 0.413388 0.037406 0.088645
3 0.307705 0.414841 0.039876 0.091606
3 0.283345 0.412835 0.038273 0.086657
3 0.316848 0.416792 0.043513 0.101535
3 0.272185 0.411907 0.037147 0.085219
3 0.332178 0.420957 0.044452 0.104203
3 0.258458 0.409400 0.037516 0.092827
3 0.348232 0.423674 0.045482 0.107463
3 0.325380 0.403868 0.036687 0.084007
3 0.330937 0.395151 0.030397 0.078662
3 0.207511 0.400774 0.035653 0.091717
