5 0.117087 0.280000 0.234174 0.246957
5 0.276565 0.253913 0.113478 0.153043
5 0.452652 0.274783 0.108261 0.180870
5 0.358739 0.261739 0.105652 0.158261
1 0.167955 0.599425 0.335793 0.404337
2 0.249669 0.393264 0.095514 0.104288
0 0.365538 0.264211 0.050387 0.039355
3 0.229090 0.443900 0.086036 0.099927
3 0.128158 0.694467 0.142470 0.126379
4 0.466379 0.044822 0.399584 0.089141
7 0.452674 0.258539 0.012109 0.016764
6 0.281221 0.249309 0.036317 0.035561
6 0.294207 0.292781 0.030549 0.032616
7 0.437120 0.289185 0.012220 0.015746
