2 0.055130 0.825217 0.110260 0.137391
2 0.177435 0.480870 0.082174 0.133913
2 0.547217 0.482609 0.112174 0.130435
3 0.468304 0.893043 0.160435 0.182609
3 0.506130 0.550435 0.103043 0.106087
1 0.332304 0.740000 0.664608 0.520000
5 0.798561 0.318763 0.142293 0.195555
0 0.657073 0.306071 0.052155 0.048070
5 0.558200 0.316618 0.130524 0.181201
2 0.245190 0.319985 0.077232 0.083216
5 0.671581 0.319156 0.124079 0.191945
7 0.816161 0.350968 0.014045 0.019970
5 0.284699 0.324183 0.384382 0.316678
6 0.559166 0.303383 0.034985 0.039310
7 0.761341 0.298261 0.012054 0.017377
0 0.638732 0.353507 0.013050 0.062387
7 0.799315 0.357871 0.015506 0.021893
4 0.808290 0.053483 0.383421 0.106659
2 0.395690 0.300768 0.077364 0.082559
0 0.669515 0.346664 0.053248 0.078075
7 0.796669 0.297841 0.014738 0.018911
7 0.792490 0.373661 0.014727 0.019269
7 0.762902 0.347993 0.017255 0.021777
0 0.668333 0.356531 0.045824 0.053902
7 0.801656 0.316249 0.013903 0.018795
7 0.764869 0.369114 0.014125 0.021160
7 0.776955 0.367999 0.013804 0.018288
3 0.038793 0.875892 0.077123 0.072786
7 0.753887 0.361629 0.015124 0.021360
7 0.753180 0.369309 0.016157 0.021796
7 0.759085 0.329111 0.012516 0.018181
7 0.780651 0.339716 0.012732 0.017946
0 0.684736 0.302955 0.058350 0.029532
7 0.757963 0.325379 0.013226 0.017274
7 0.775173 0.358350 0.013221 0.018362
3 0.164931 0.524091 0.061509 0.059289
7 0.823415 0.374850 0.013749 0.016976
7 0.784820 0.354102 0.011811 0.016715
7 0.809345 0.323749 0.012905 0.017751
