1 0.707739 0.420000 0.584522 0.478261
5 0.638522 0.718261 0.109565 0.177391
5 0.532870 0.685217 0.135652 0.139130
5 0.669174 0.101739 0.129130 0.165217
5 0.909826 0.133043 0.130435 0.168696
5 0.228391 0.751146 0.103957 0.141597
5 0.139097 0.670236 0.219009 0.265964
5 0.782416 0.110924 0.123934 0.167529
2 0.485076 0.322549 0.125042 0.152341
3 0.525916 0.407178 0.165084 0.167801
2 0.983785 0.203157 0.032377 0.124731
3 0.600975 0.173488 0.106020 0.154349
3 0.960337 0.546181 0.079326 0.195262
2 0.951929 0.455240 0.095681 0.174178
7 0.983953 0.493969 0.032093 0.054069
