7 0.476116 0.655652 0.044058 0.038261
7 0.412348 0.723478 0.046377 0.034783
7 0.480754 0.715652 0.039420 0.036522
7 0.676696 0.639130 0.041739 0.036522
7 0.422783 0.565217 0.030145 0.041739
7 0.587420 0.617391 0.030145 0.034783
7 0.628000 0.748696 0.046377 0.046957
7 0.355536 0.733043 0.048696 0.040000
7 0.563072 0.742609 0.041739 0.041739
5 0.496985 0.628696 0.600580 0.568696
5 0.566551 0.326957 0.354783 0.208696
5 0.891681 0.381739 0.216638 0.307826
5 0.916029 0.624348 0.167942 0.553043
7 0.578628 0.551829 0.037786 0.025998
7 0.461679 0.748965 0.048400 0.038520
7 0.415101 0.668464 0.042121 0.028866
7 0.648136 0.604040 0.037036 0.028613
7 0.478207 0.781125 0.045654 0.033262
7 0.678945 0.686705 0.046457 0.032574
7 0.415177 0.591775 0.036816 0.024973
7 0.471296 0.601473 0.033718 0.024785
7 0.602919 0.705782 0.043935 0.032282
7 0.530056 0.707815 0.046674 0.031305
7 0.421858 0.756327 0.041423 0.031666
7 0.515507 0.669194 0.040394 0.028897
7 0.563840 0.588062 0.034622 0.023769
7 0.337559 0.762179 0.046947 0.034712
7 0.602515 0.592741 0.034299 0.022603
7 0.525379 0.754299 0.045229 0.031735
7 0.624835 0.542938 0.036891 0.024522
7 0.655791 0.709721 0.044636 0.032119
7 0.646279 0.650938 0.040314 0.027040
7 0.535020 0.686156 0.039729 0.028051
7 0.609170 0.648271 0.038272 0.030253
7 0.585663 0.671349 0.039638 0.029958
7 0.536446 0.598720 0.032062 0.022835
7 0.570730 0.692649 0.040366 0.028798
7 0.380328 0.679845 0.040311 0.029332
7 0.370390 0.715062 0.041233 0.027072
7 0.551703 0.664122 0.035159 0.025387
7 0.528299 0.576792 0.032847 0.023170
7 0.399512 0.701916 0.040486 0.028201
7 0.504491 0.603108 0.029730 0.020177
7 0.434856 0.548937 0.031188 0.022133
7 0.450290 0.649223 0.038261 0.028181
7 0.384977 0.756881 0.045443 0.032125
7 0.398237 0.635806 0.035679 0.024415
7 0.553325 0.770183 0.045051 0.030901
7 0.557833 0.778956 0.055662 0.049859
7 0.390910 0.773588 0.040552 0.028706
7 0.519133 0.549778 0.039327 0.026694
7 0.540236 0.643792 0.035986 0.024642
7 0.446406 0.587928 0.034497 0.022772
7 0.621804 0.667114 0.038390 0.025513
7 0.456811 0.621806 0.034403 0.021828
7 0.481308 0.569486 0.035325 0.023700
7 0.567380 0.603243 0.034396 0.022879
7 0.575365 0.648972 0.036047 0.026154
7 0.526108 0.616244 0.031565 0.022275
7 0.618711 0.609454 0.032987 0.023475
7 0.533165 0.729747 0.041725 0.029653
7 0.479026 0.637136 0.034340 0.024446
7 0.594524 0.760501 0.044480 0.031837
7 0.431411 0.693908 0.041560 0.030431
7 0.665193 0.559663 0.035456 0.026127
7 0.432014 0.633814 0.035865 0.023773
7 0.679490 0.596411 0.038903 0.027281
7 0.498239 0.738376 0.040867 0.031398
7 0.508162 0.649368 0.038671 0.026526
7 0.633074 0.662734 0.043453 0.027425
7 0.462241 0.653855 0.051920 0.032354
7 0.596252 0.732915 0.045334 0.032591
7 0.688694 0.772265 0.040059 0.026656
7 0.524006 0.610348 0.033294 0.030088
7 0.483664 0.587157 0.032666 0.020201
7 0.584770 0.632318 0.036195 0.025159
7 0.511444 0.655728 0.042416 0.032858
7 0.453807 0.561958 0.030291 0.020617
7 0.410701 0.650893 0.036983 0.024945
7 0.492562 0.543660 0.030814 0.019962
7 0.398771 0.606751 0.024067 0.016728
7 0.624428 0.687384 0.041448 0.032377
7 0.636420 0.567904 0.033601 0.022787
