7 0.425101 0.534783 0.053333 0.046957
7 0.180464 0.139130 0.046377 0.038261
6 0.239668 0.361322 0.253208 0.154554
7 0.236734 0.163246 0.046077 0.039850
0 0.875418 0.236450 0.140128 0.048480
7 0.070967 0.168504 0.044502 0.030046
7 0.158209 0.167094 0.046919 0.034277
7 0.342728 0.182151 0.049048 0.038020
0 0.453365 0.422724 0.083213 0.049532
7 0.177807 0.071476 0.043774 0.032659
5 0.825644 0.172009 0.347894 0.344018
7 0.127826 0.083266 0.040952 0.029094
7 0.311620 0.171692 0.046383 0.042051
7 0.113078 0.121037 0.041493 0.030449
7 0.120969 0.018716 0.043497 0.031330
7 0.250617 0.061343 0.041709 0.028593
7 0.216824 0.047815 0.039973 0.028876
7 0.218775 0.112947 0.038033 0.031458
7 0.163863 0.118925 0.042072 0.030934
7 0.238779 0.022955 0.041299 0.028395
7 0.135933 0.137403 0.040431 0.030297
7 0.110442 0.062766 0.043411 0.029171
7 0.214844 0.071967 0.043850 0.030426
7 0.145626 0.053915 0.042770 0.029961
7 0.265319 0.039293 0.043118 0.031571
7 0.286216 0.128856 0.045611 0.035683
7 0.276017 0.006186 0.047807 0.012373
7 0.098074 0.144265 0.040275 0.030379
7 0.319259 0.008183 0.048192 0.016317
7 0.259974 0.049866 0.044789 0.043394
1 0.512586 0.633750 0.974829 0.732500
7 0.300618 0.166107 0.065886 0.041274
7 0.170596 0.003641 0.036270 0.007262
5 0.234329 0.145015 0.468658 0.290031
