5 0.294174 0.436522 0.526957 0.601739
2 0.165696 0.501739 0.116087 0.154783
3 0.600696 0.746087 0.185217 0.264348
5 0.887652 0.600000 0.190435 0.330435
5 0.707000 0.547826 0.186522 0.302609
0 0.867851 0.577607 0.052029 0.072970
2 0.731057 0.581601 0.053992 0.067512
2 0.243820 0.439285 0.089154 0.147944
2 0.317713 0.551595 0.115975 0.177069
0 0.905405 0.640427 0.057171 0.048719
6 0.734598 0.632955 0.056007 0.070220
0 0.903347 0.575099 0.043941 0.029267
6 0.712759 0.521994 0.039366 0.039433
0 0.845556 0.656809 0.021527 0.099132
2 0.735611 0.633555 0.055761 0.069578
0 0.870588 0.664100 0.046645 0.122562
0 0.855610 0.640438 0.038277 0.150566
