5 0.463362 0.547826 0.871884 0.469565
2 0.422783 0.589565 0.118261 0.191304
2 0.528290 0.582609 0.111304 0.166957
2 0.317998 0.575238 0.142365 0.153970
2 0.633234 0.589981 0.129407 0.161442
7 0.260047 0.943610 0.033257 0.025662
2 0.632067 0.706189 0.071024 0.049100
0 0.580702 0.925611 0.132829 0.041086
7 0.197257 0.890163 0.030875 0.022678
0 0.522521 0.974197 0.086073 0.051606
7 0.281749 0.919723 0.032769 0.024984
2 0.541879 0.491304 0.088526 0.082741
7 0.148786 0.947042 0.034503 0.023814
7 0.126726 0.975869 0.036032 0.024150
2 0.627969 0.468544 0.095795 0.124843
7 0.149397 0.986386 0.035290 0.025534
0 0.682266 0.923718 0.070539 0.095424
7 0.182410 0.902583 0.029886 0.021426
7 0.216710 0.954546 0.031235 0.022100
7 0.300869 0.992051 0.034597 0.015521
7 0.168672 0.959696 0.029485 0.022438
7 0.227435 0.831277 0.030536 0.023822
7 0.243118 0.877934 0.026849 0.020893
2 0.976565 0.383481 0.046761 0.095832
7 0.309434 0.943769 0.030171 0.022244
7 0.275917 0.990281 0.033219 0.019438
0 0.620328 0.967455 0.088570 0.064938
7 0.186401 0.970923 0.033361 0.025275
7 0.283541 0.898093 0.028124 0.020472
7 0.218694 0.875271 0.030633 0.023526
7 0.264776 0.978562 0.032768 0.023233
7 0.294133 0.976129 0.030335 0.022965
7 0.261603 0.894411 0.026940 0.020846
2 0.562804 0.439789 0.079393 0.066104
2 0.633129 0.440988 0.080118 0.065712
7 0.233560 0.914338 0.028673 0.023072
2 0.305914 0.480453 0.105620 0.079800
2 0.493585 0.440257 0.082909 0.063995
0 0.591962 0.974420 0.087284 0.049256
0 0.686764 0.954368 0.062571 0.091264
7 0.187899 0.898703 0.035694 0.025506
0 0.687875 0.951076 0.035524 0.049187
0 0.554840 0.978814 0.099309 0.042371
7 0.269286 0.985590 0.034575 0.022330
0 0.581597 0.982862 0.054570 0.034275
2 0.425225 0.438663 0.091204 0.068778
7 0.288220 0.955620 0.029039 0.022932
0 0.600295 0.981405 0.054608 0.037190
7 0.210487 0.911840 0.024809 0.020880
