6 0.403087 0.524000 0.152609 0.213913
7 0.734880 0.055158 0.044519 0.061770
7 0.631650 0.101387 0.052628 0.071360
3 0.954399 0.205434 0.089271 0.144449
5 0.925380 0.923783 0.149240 0.145841
7 0.954157 0.227268 0.060086 0.059274
10 0.027355 0.136498 0.043056 0.042966
2 0.658567 0.018893 0.108065 0.037717
2 0.665179 0.013433 0.086111 0.026688
2 0.648798 0.025439 0.150245 0.050618
5 0.018204 0.378526 0.036407 0.231698
6 0.480517 0.465136 0.058807 0.084036
10 0.034140 0.154764 0.031586 0.043519
2 0.661593 0.027747 0.088306 0.055494
