3 0.480754 0.429217 0.289855 0.240000
7 0.362493 0.428348 0.062609 0.040000
7 0.393797 0.513565 0.060290 0.043478
7 0.572348 0.485739 0.055652 0.036522
10 0.443652 0.668348 0.067246 0.057391
10 0.237619 0.118053 0.036969 0.023614
3 0.526870 0.067479 0.147934 0.134458
10 0.114458 0.119424 0.041511 0.030003
7 0.602118 0.456977 0.032548 0.025020
10 0.212558 0.229488 0.040119 0.026423
10 0.008347 0.936550 0.016598 0.033185
10 0.182832 0.131891 0.039816 0.028145
10 0.117815 0.141579 0.038618 0.026106
10 0.235602 0.255038 0.039214 0.028888
3 0.977815 0.277769 0.044371 0.173804
