2 0.553797 0.392696 0.264348 0.177391
3 0.481913 0.438783 0.204058 0.144348
7 0.520174 0.477043 0.053333 0.040000
7 0.524812 0.416174 0.039420 0.040000
6 0.529449 0.403130 0.099710 0.059130
2 0.166451 0.872488 0.332902 0.195663
7 0.386464 0.436301 0.043628 0.032979
4 0.398383 0.634645 0.787230 0.692136
7 0.247770 0.825989 0.057725 0.041044
7 0.157197 0.951200 0.060677 0.040840
7 0.089186 0.759204 0.065832 0.046445
7 0.433749 0.379293 0.029788 0.026290
2 0.408507 0.699568 0.768123 0.579616
0 0.542331 0.170984 0.112554 0.050280
4 0.434293 0.395088 0.868586 0.790177
3 0.012493 0.253266 0.024987 0.139999
4 0.246875 0.595660 0.480609 0.463166
4 0.945234 0.750165 0.108838 0.486319
4 0.360570 0.118508 0.718011 0.237016
7 0.448463 0.010658 0.034983 0.021224
