1 0.421348 0.723478 0.750000 0.553043
5 0.695913 0.352174 0.140870 0.168696
5 0.405043 0.377391 0.341739 0.330435
5 0.925565 0.357391 0.148870 0.179130
2 0.683624 0.502767 0.115974 0.130881
5 0.815910 0.353285 0.136868 0.168035
2 0.502210 0.355269 0.075589 0.079188
2 0.175105 0.778439 0.149095 0.162620
2 0.312129 0.484996 0.093370 0.120203
3 0.641679 0.567961 0.125262 0.130274
0 0.812993 0.346810 0.073373 0.035109
4 0.885323 0.057841 0.229353 0.114430
3 0.151492 0.846752 0.136018 0.107419
7 0.938732 0.399885 0.016813 0.021391
3 0.287373 0.528197 0.060687 0.074950
6 0.685367 0.521964 0.046028 0.052830
7 0.955544 0.391093 0.015646 0.018987
6 0.689723 0.335808 0.036988 0.034642
3 0.643755 0.895785 0.196427 0.205906
2 0.351855 0.361835 0.071986 0.051448
0 0.788681 0.348256 0.038853 0.033394
0 0.798288 0.389108 0.042205 0.042166
7 0.936380 0.363408 0.013049 0.015996
7 0.926729 0.345254 0.015021 0.018721
7 0.944080 0.372854 0.012023 0.018103
7 0.923556 0.397657 0.013319 0.016335
7 0.916369 0.381564 0.011772 0.015198
7 0.900268 0.394226 0.017821 0.023571
7 0.914219 0.398850 0.013062 0.016734
10 0.651844 0.011295 0.019532 0.022344
7 0.928305 0.369980 0.010172 0.012123
7 0.901707 0.353876 0.010716 0.014845
7 0.915910 0.354509 0.009769 0.012693
