3 0.175478 0.703478 0.125217 0.144348
3 0.583739 0.697391 0.133043 0.156522
5 0.444174 0.600000 0.172174 0.354783
5 0.263522 0.383478 0.183913 0.255652
5 0.529609 0.347826 0.204783 0.326957
3 0.274340 0.707604 0.114030 0.151985
3 0.185361 0.527488 0.091076 0.135938
2 0.555323 0.442782 0.087496 0.093463
3 0.356325 0.397385 0.058207 0.076628
3 0.572665 0.596577 0.100278 0.130229
2 0.849802 0.580018 0.102588 0.127233
2 0.691509 0.049339 0.043637 0.053448
2 0.555936 0.379665 0.084103 0.065074
2 0.777610 0.019446 0.061532 0.038714
3 0.182187 0.552905 0.089401 0.087751
1 0.782389 0.516402 0.420786 0.638978
2 0.563336 0.323697 0.043614 0.078239
2 0.464098 0.338477 0.038471 0.100404
3 0.291219 0.608177 0.106173 0.120088
7 0.843868 0.585511 0.032535 0.037103
2 0.618068 0.813357 0.047880 0.096051
0 0.720927 0.066315 0.030331 0.032470
3 0.410497 0.414405 0.058702 0.070822
3 0.259967 0.540331 0.044593 0.049558
