4 0.486754 0.599652 0.973507 0.257391
7 0.216019 0.906542 0.035554 0.029263
4 0.577685 0.702155 0.791742 0.445058
7 0.334193 0.918891 0.035720 0.031698
7 0.174140 0.971080 0.043285 0.033292
3 0.250960 0.917829 0.233361 0.164342
4 0.250209 0.918147 0.235693 0.163706
10 0.169737 0.726246 0.027651 0.022583
7 0.301337 0.988676 0.036331 0.022331
7 0.348856 0.743759 0.025186 0.019905
7 0.367832 0.757197 0.028894 0.023782
7 0.165887 0.949894 0.021974 0.016406
7 0.346274 0.790563 0.024759 0.019541
7 0.398487 0.737365 0.024382 0.018982
