3 0.396565 0.874783 0.165652 0.180870
3 0.471565 0.553043 0.096522 0.111304
2 0.500261 0.485217 0.109565 0.111304
2 0.168956 0.460000 0.083478 0.109565
2 0.027087 0.757391 0.054174 0.151304
2 0.251783 0.309565 0.063913 0.059130
5 0.536783 0.325217 0.112174 0.177391
6 0.532217 0.308696 0.027391 0.036522
6 0.553087 0.365217 0.043043 0.041739
6 0.508739 0.369565 0.022174 0.033043
5 0.636565 0.346957 0.126522 0.200000
0 0.634609 0.376522 0.049565 0.071304
0 0.635261 0.323478 0.056087 0.034783
5 0.757217 0.346957 0.127826 0.193043
4 0.793174 0.068696 0.413652 0.137391
1 0.296435 0.711304 0.592870 0.525217
7 0.781658 0.380857 0.015419 0.020703
7 0.765098 0.388493 0.015884 0.020497
5 0.285072 0.325012 0.356359 0.293473
7 0.762540 0.391653 0.015839 0.022296
0 0.606508 0.373774 0.016979 0.054410
2 0.390174 0.306536 0.067433 0.080965
7 0.729160 0.393637 0.014493 0.021257
7 0.751348 0.381601 0.012583 0.017375
7 0.770477 0.346395 0.015828 0.019984
7 0.756205 0.400954 0.014875 0.020406
7 0.733803 0.327378 0.013923 0.017305
7 0.768197 0.328501 0.015225 0.020726
7 0.742125 0.395324 0.013361 0.019046
7 0.785776 0.404507 0.012698 0.015677
7 0.718096 0.388289 0.017213 0.023887
7 0.764514 0.365661 0.012441 0.017818
7 0.731019 0.374869 0.014868 0.019691
0 0.664782 0.382128 0.009964 0.038284
7 0.741031 0.385966 0.012514 0.018380
7 0.717175 0.393597 0.015581 0.021179
0 0.660777 0.382272 0.015337 0.038630
7 0.776731 0.355383 0.012222 0.015737
7 0.744852 0.369552 0.013324 0.017159
7 0.718608 0.345761 0.012834 0.017298
5 0.039791 0.336029 0.079407 0.529648
7 0.774144 0.396386 0.012337 0.018520
7 0.724585 0.392495 0.013406 0.022695
