10 0.289449 0.501391 0.032464 0.026087
10 0.233797 0.447478 0.037101 0.022609
10 0.383362 0.395304 0.034783 0.026087
7 0.451144 0.731069 0.038461 0.031791
10 0.262104 0.370518 0.035458 0.027984
7 0.266853 0.486473 0.038569 0.027578
10 0.263136 0.390392 0.031719 0.023682
10 0.363105 0.375741 0.026772 0.018454
10 0.348649 0.488909 0.032834 0.024888
10 0.332279 0.466917 0.032996 0.023356
7 0.234951 0.447014 0.038783 0.026507
10 0.298456 0.516790 0.033383 0.024183
10 0.265964 0.520712 0.033493 0.022290
5 0.643325 0.116361 0.713351 0.232722
10 0.559932 0.634635 0.209109 0.147939
7 0.289352 0.499681 0.038386 0.028490
10 0.538761 0.668826 0.113741 0.078572
