7 0.594377 0.600000 0.062609 0.041739
7 0.320754 0.639130 0.057971 0.043478
7 0.375246 0.528696 0.046377 0.034783
7 0.594377 0.511304 0.053333 0.027826
7 0.502783 0.612174 0.041739 0.031304
7 0.619884 0.640870 0.057971 0.036522
7 0.701043 0.635652 0.053333 0.043478
7 0.680590 0.700481 0.071823 0.045706
7 0.484160 0.598654 0.048476 0.034035
7 0.520030 0.639136 0.058404 0.040940
7 0.551602 0.660864 0.048824 0.034266
7 0.634857 0.606259 0.046722 0.030334
7 0.358494 0.621658 0.032418 0.026413
7 0.598134 0.492465 0.031367 0.022791
3 0.265862 0.895263 0.212994 0.109610
7 0.543089 0.506943 0.041257 0.030605
7 0.463609 0.555982 0.042919 0.030823
7 0.411532 0.654981 0.040403 0.026430
7 0.510350 0.496049 0.038108 0.024961
7 0.546986 0.552705 0.040511 0.032203
7 0.334057 0.598307 0.030216 0.028148
7 0.573822 0.630125 0.044173 0.026686
5 0.507875 0.066199 0.984251 0.132399
7 0.621220 0.586897 0.036614 0.022451
