7 0.605971 0.509565 0.053333 0.038261
7 0.684812 0.695652 0.076522 0.048696
7 0.379021 0.523044 0.045033 0.035968
7 0.598021 0.593631 0.053672 0.043106
7 0.709663 0.629754 0.058294 0.034557
7 0.488428 0.593472 0.048784 0.033623
7 0.556231 0.656426 0.048761 0.034717
7 0.323368 0.634198 0.057225 0.044141
3 0.270207 0.899235 0.215521 0.108382
7 0.523490 0.632934 0.060392 0.040264
7 0.467692 0.551117 0.044971 0.030912
7 0.547111 0.501079 0.043707 0.030341
7 0.640896 0.599787 0.047436 0.031002
7 0.362516 0.617902 0.033777 0.026585
7 0.625425 0.634190 0.050185 0.037801
7 0.603892 0.485815 0.032142 0.022619
7 0.415739 0.652082 0.043154 0.027550
7 0.510744 0.611532 0.049559 0.026783
7 0.537069 0.564877 0.030946 0.023485
7 0.515588 0.489974 0.036679 0.023993
