1 0.417435 0.550435 0.603913 0.899130
10 0.949172 0.680211 0.040509 0.041601
3 0.634010 0.221979 0.113429 0.230574
7 0.925813 0.493598 0.025199 0.032052
10 0.596967 0.729135 0.026687 0.035579
7 0.883877 0.450156 0.024419 0.034548
10 0.954903 0.705267 0.031278 0.039566
3 0.300070 0.210498 0.118024 0.212830
7 0.109858 0.480184 0.022396 0.030210
7 0.892832 0.520276 0.022772 0.028022
7 0.135093 0.399786 0.017841 0.023254
7 0.093540 0.469627 0.022871 0.031411
7 0.920846 0.535142 0.021988 0.027148
7 0.902793 0.499295 0.022708 0.031688
10 0.059481 0.621589 0.022700 0.034030
7 0.105053 0.475842 0.025407 0.035298
4 0.792280 0.044660 0.415439 0.089320
10 0.869196 0.487468 0.019839 0.030401
7 0.119110 0.406567 0.020629 0.030411
5 0.069378 0.676575 0.138741 0.319226
5 0.924576 0.722072 0.150849 0.349115
5 0.906475 0.435310 0.185335 0.283267
10 0.259655 0.705200 0.029427 0.037973
10 0.023303 0.694030 0.027866 0.036061
7 0.867585 0.485067 0.021654 0.030729
7 0.899242 0.540573 0.021455 0.027835
10 0.895888 0.647623 0.033330 0.040427
10 0.042297 0.638903 0.025035 0.033879
7 0.069946 0.518922 0.022279 0.026425
3 0.981122 0.813983 0.033550 0.085536
7 0.090405 0.522160 0.021814 0.025407
7 0.349259 0.215540 0.023224 0.032752
7 0.987929 0.470124 0.020780 0.027766
7 0.943576 0.549379 0.022612 0.025750
10 0.040867 0.649436 0.033104 0.053654
7 0.139208 0.412812 0.016822 0.023086
3 0.983518 0.823195 0.032879 0.055597
