3 0.060696 0.584348 0.096522 0.125217
3 0.435696 0.396522 0.056087 0.104348
3 0.616348 0.383478 0.060000 0.106087
1 0.540696 0.569565 0.360000 0.373913
5 0.779391 0.448696 0.109565 0.128696
5 0.834174 0.554783 0.135652 0.166957
5 0.311130 0.581739 0.120000 0.161739
5 0.331348 0.474783 0.100435 0.114783
4 0.656350 0.287326 0.295006 0.109165
5 0.145650 0.547194 0.291299 0.384956
5 0.701414 0.964167 0.119035 0.071494
5 0.605099 0.965402 0.114010 0.069196
5 0.602203 0.979823 0.114973 0.040354
1 0.082907 0.863786 0.165555 0.271853
