10 0.471478 0.677913 0.095072 0.052174
3 0.516696 0.505739 0.310725 0.208696
7 0.418832 0.497272 0.050461 0.039355
10 0.460485 0.671494 0.057767 0.041843
7 0.431077 0.572398 0.055479 0.037123
7 0.595801 0.555930 0.054203 0.036070
7 0.625868 0.530840 0.031384 0.023917
10 0.229199 0.225339 0.034385 0.026997
10 0.044536 0.932908 0.041137 0.030403
10 0.230658 0.243773 0.031792 0.023248
10 0.204005 0.301530 0.039524 0.027651
7 0.240214 0.340973 0.038514 0.026431
10 0.261883 0.354131 0.035873 0.027876
10 0.354142 0.248037 0.034237 0.025347
10 0.334354 0.227679 0.027676 0.021441
10 0.271782 0.370310 0.030425 0.024052
10 0.304852 0.321458 0.034496 0.023144
7 0.261937 0.354417 0.038015 0.027833
10 0.321786 0.344277 0.033551 0.025362
