1 0.606000 0.599130 0.788000 0.610435
5 0.196035 0.215927 0.378955 0.376048
3 0.353246 0.689547 0.184073 0.184503
5 0.394224 0.936151 0.117593 0.118243
2 0.097312 0.267171 0.077596 0.115184
2 0.301538 0.594083 0.165574 0.175991
3 0.431839 0.351657 0.125601 0.167037
2 0.870706 0.692980 0.193438 0.189747
4 0.844343 0.087622 0.309961 0.174140
5 0.047878 0.963915 0.095757 0.072169
5 0.529490 0.952611 0.073075 0.094683
3 0.897889 0.791578 0.175724 0.196198
5 0.027243 0.905932 0.054485 0.188136
5 0.038208 0.935196 0.076415 0.126337
7 0.749180 0.335494 0.017292 0.026105
2 0.853940 0.392479 0.112702 0.141547
5 0.497933 0.249233 0.125678 0.190538
7 0.712978 0.333586 0.016029 0.019731
