3 0.174826 0.703478 0.134348 0.144348
3 0.470261 0.738261 0.109565 0.217391
1 0.343739 0.644348 0.487826 0.641739
4 0.649609 0.729565 0.123913 0.513043
3 0.146130 0.178261 0.113478 0.140870
3 0.849133 0.430270 0.130721 0.181670
5 0.672870 0.242928 0.130690 0.167633
5 0.839114 0.358255 0.297486 0.442506
5 0.146079 0.295185 0.287246 0.351296
5 0.383975 0.236534 0.134180 0.179954
5 0.565353 0.243550 0.133227 0.179660
5 0.300559 0.216862 0.133756 0.166948
5 0.962171 0.141159 0.075658 0.141017
7 0.583467 0.269206 0.015086 0.020613
7 0.587088 0.253091 0.012554 0.014598
