6 0.513217 0.570435 0.122899 0.090435
6 0.608290 0.529565 0.118261 0.085217
6 0.382203 0.485217 0.129855 0.059130
6 0.369715 0.547669 0.111800 0.081409
6 0.458728 0.523189 0.105299 0.066210
6 0.582264 0.421591 0.104094 0.051986
6 0.515051 0.448515 0.096200 0.054593
6 0.422222 0.598788 0.102150 0.057711
7 0.950535 0.649786 0.059094 0.036317
7 0.989942 0.609129 0.019897 0.036377
7 0.979845 0.484599 0.040018 0.033467
7 0.659908 0.935200 0.087910 0.071546
7 0.993183 0.662368 0.013635 0.031298
7 0.990449 0.566961 0.018803 0.029088
7 0.994573 0.640526 0.010854 0.025491
