1 0.409609 0.623478 0.580435 0.753043
10 0.916748 0.806618 0.029550 0.040651
3 0.290964 0.338695 0.114618 0.199467
3 0.599357 0.349078 0.111488 0.204279
5 0.904039 0.826986 0.189466 0.334726
7 0.841895 0.560628 0.025424 0.033959
5 0.875688 0.553564 0.203743 0.268095
7 0.851701 0.628700 0.023075 0.027182
4 0.694089 0.146626 0.555311 0.170298
10 0.904804 0.873624 0.030443 0.037809
10 0.908295 0.783146 0.037211 0.043038
10 0.858049 0.752950 0.034868 0.040769
7 0.878034 0.640724 0.021144 0.027114
10 0.952503 0.891718 0.031152 0.033645
7 0.095818 0.595110 0.022161 0.033296
7 0.084673 0.589117 0.020404 0.031066
7 0.860667 0.607697 0.022094 0.031924
7 0.881574 0.601772 0.022918 0.030553
7 0.126083 0.519073 0.016955 0.024797
7 0.109303 0.527136 0.018804 0.027200
10 0.216061 0.970079 0.016755 0.025551
7 0.950734 0.922807 0.035642 0.053288
10 0.579580 0.988202 0.028913 0.023575
7 0.100285 0.597145 0.021925 0.032146
10 0.046588 0.742096 0.025326 0.035499
7 0.858876 0.647427 0.019037 0.028470
5 0.061113 0.800971 0.122081 0.324043
7 0.900129 0.656412 0.022246 0.028018
7 0.130357 0.533852 0.017646 0.021566
7 0.855903 0.614059 0.025209 0.029974
7 0.079699 0.642861 0.022135 0.026381
7 0.827508 0.594956 0.021993 0.031569
7 0.058595 0.640134 0.023948 0.028480
10 0.578655 0.841031 0.027747 0.037973
7 0.923666 0.926381 0.027222 0.040032
