2 0.705681 0.756522 0.234203 0.222609
2 0.284812 0.762609 0.180870 0.210435
2 0.588580 0.523478 0.102029 0.093913
2 0.564232 0.759130 0.173913 0.227826
2 0.310319 0.604348 0.120580 0.126957
2 0.331188 0.473913 0.157681 0.064348
2 0.426740 0.761136 0.149113 0.217788
5 0.497902 0.672398 0.992537 0.635499
2 0.422531 0.517920 0.112556 0.092604
2 0.746735 0.910453 0.084907 0.049892
2 0.424493 0.609291 0.115185 0.108249
2 0.731057 0.602545 0.140821 0.122706
2 0.957356 0.434416 0.085288 0.132705
2 0.523816 0.604385 0.106845 0.110548
2 0.671634 0.521259 0.098717 0.094562
2 0.625731 0.604134 0.115850 0.122986
2 0.333318 0.525048 0.095543 0.086300
2 0.198520 0.627947 0.128821 0.151680
