3 0.459884 0.680000 0.229565 0.246957
3 0.250029 0.690435 0.222609 0.243478
3 0.686552 0.693626 0.226243 0.239955
5 0.486037 0.635060 0.972074 0.577477
5 0.403027 0.721070 0.773472 0.355476
5 0.841504 0.983213 0.165389 0.033574
5 0.036491 0.963600 0.072856 0.072538
5 0.112283 0.965173 0.168853 0.069545
5 0.494931 0.974922 0.294221 0.049909
3 0.394510 0.471286 0.094019 0.072160
5 0.372037 0.973447 0.222501 0.053106
5 0.615406 0.976592 0.134481 0.046815
5 0.024533 0.732300 0.049067 0.231720
5 0.459654 0.359936 0.911536 0.127578
