7 0.541043 0.419652 0.215652 0.172174
7 0.765971 0.324870 0.085797 0.066087
7 0.173507 0.546609 0.111304 0.071304
6 0.393141 0.763385 0.219266 0.205166
7 0.219681 0.375482 0.084149 0.057782
7 0.305014 0.345676 0.078527 0.061278
7 0.729135 0.272954 0.097765 0.058773
7 0.211613 0.487492 0.092761 0.068612
7 0.694715 0.482768 0.183147 0.185274
7 0.284604 0.440435 0.105085 0.065770
7 0.278091 0.258126 0.078082 0.057119
6 0.694373 0.490863 0.168775 0.189997
7 0.259654 0.529896 0.096681 0.069999
7 0.277981 0.388864 0.068704 0.043294
7 0.704387 0.344551 0.091388 0.063982
