1 0.393956 0.687826 0.723913 0.533913
2 0.265478 0.445217 0.104348 0.132174
2 0.625478 0.438261 0.104348 0.125217
2 0.163739 0.760870 0.140870 0.151304
3 0.598739 0.837391 0.150000 0.210435
3 0.587652 0.507826 0.138261 0.121739
2 0.452652 0.266087 0.079565 0.073043
5 0.348956 0.295652 0.344348 0.333913
5 0.645696 0.283478 0.131739 0.191304
5 0.752000 0.286087 0.143478 0.186087
5 0.873304 0.297391 0.151304 0.205217
0 0.732617 0.275772 0.038753 0.033954
3 0.246518 0.479631 0.073108 0.075370
7 0.869688 0.329201 0.015931 0.021268
3 0.136157 0.816659 0.125441 0.083570
6 0.640408 0.267493 0.033057 0.035752
7 0.885886 0.321586 0.015396 0.020315
0 0.741676 0.322595 0.042070 0.052981
7 0.837699 0.337590 0.015469 0.021251
0 0.758590 0.274599 0.066176 0.032703
7 0.850484 0.338860 0.013412 0.017637
2 0.295817 0.281050 0.073605 0.066769
7 0.868988 0.289759 0.014049 0.017112
4 0.864414 0.040024 0.271171 0.079267
7 0.828565 0.273356 0.012970 0.017323
7 0.862200 0.270917 0.014313 0.017390
7 0.851292 0.311020 0.011986 0.015771
7 0.881709 0.336022 0.014210 0.019675
7 0.865811 0.341152 0.015575 0.018127
7 0.778578 0.306131 0.016507 0.023949
7 0.840828 0.282761 0.010351 0.015544
7 0.871887 0.293927 0.014482 0.022257
6 0.632966 0.465234 0.047715 0.051573
7 0.856582 0.325754 0.011046 0.016586
