3 0.493507 0.567826 0.208696 0.172174
10 0.462203 0.626087 0.057971 0.048696
7 0.391533 0.570981 0.043124 0.034516
7 0.188499 0.390993 0.040882 0.024991
10 0.214631 0.337843 0.030208 0.022921
10 0.213162 0.321006 0.033064 0.025994
10 0.330978 0.341460 0.029872 0.021761
10 0.244228 0.439540 0.034779 0.025651
7 0.224119 0.428238 0.035384 0.024267
7 0.398038 0.640998 0.040409 0.032078
10 0.190371 0.391742 0.037049 0.025019
10 0.023538 0.993926 0.038775 0.012148
6 0.649894 0.036781 0.198304 0.073562
10 0.284047 0.409477 0.031674 0.021781
7 0.585502 0.599822 0.027854 0.020555
10 0.312776 0.323405 0.026776 0.019679
10 0.253203 0.455473 0.030481 0.022788
10 0.396945 0.641550 0.038947 0.031208
