7 0.582783 0.728696 0.067246 0.045217
7 0.538960 0.634454 0.049000 0.034303
7 0.444133 0.515635 0.038182 0.029395
7 0.417268 0.579202 0.045773 0.028340
7 0.613435 0.671683 0.047325 0.029503
7 0.680414 0.504834 0.039462 0.028600
7 0.562234 0.504848 0.038205 0.029064
7 0.637090 0.653154 0.050392 0.031040
7 0.393240 0.654962 0.042679 0.030706
7 0.593095 0.647017 0.043046 0.030820
7 0.698333 0.665817 0.053924 0.029841
7 0.564449 0.605756 0.046430 0.029730
7 0.431601 0.663416 0.047566 0.034054
7 0.560185 0.675027 0.047507 0.032179
7 0.551383 0.651438 0.042509 0.029523
7 0.442632 0.604471 0.034862 0.025553
7 0.355959 0.643153 0.046392 0.028043
7 0.632260 0.600772 0.046468 0.028007
7 0.677067 0.555082 0.048430 0.030480
7 0.700399 0.646978 0.048225 0.028746
7 0.623051 0.632187 0.047575 0.028795
7 0.513436 0.657982 0.041737 0.028464
7 0.481011 0.568416 0.035089 0.022655
0 0.269577 0.770463 0.231617 0.089085
7 0.496595 0.554902 0.039013 0.022715
7 0.427343 0.644990 0.040550 0.025838
7 0.667339 0.634335 0.046208 0.026281
7 0.391062 0.606259 0.035470 0.022716
7 0.481659 0.605253 0.035594 0.025715
7 0.510538 0.533251 0.037159 0.027198
7 0.602025 0.550285 0.036385 0.029851
7 0.491087 0.562819 0.051235 0.031191
7 0.664108 0.616867 0.046540 0.025830
7 0.620608 0.505905 0.038718 0.026652
7 0.470676 0.650449 0.040731 0.025909
7 0.537744 0.515912 0.023686 0.018507
7 0.462497 0.617884 0.032986 0.032725
