6 0.383362 0.840522 0.229565 0.151304
2 0.848290 0.446609 0.166957 0.139130
2 0.243072 0.537913 0.204058 0.130435
3 0.321913 0.584000 0.208696 0.128696
7 0.271169 0.613725 0.042721 0.028554
6 0.026035 0.400481 0.051977 0.053292
7 0.253131 0.565221 0.036723 0.025485
7 0.393820 0.588601 0.034419 0.022377
6 0.249361 0.552771 0.085263 0.049250
3 0.875963 0.485731 0.136467 0.088507
7 0.544641 0.346372 0.025624 0.019295
2 0.589584 0.043454 0.101244 0.086908
7 0.373750 0.532092 0.033806 0.027059
5 0.504161 0.300700 0.290216 0.227765
7 0.576482 0.345114 0.026526 0.019719
7 0.469478 0.301922 0.025970 0.020167
2 0.684765 0.042911 0.140229 0.085822
6 0.084796 0.339057 0.066731 0.042549
5 0.850190 0.258118 0.293420 0.208381
6 0.034282 0.350008 0.062772 0.044045
2 0.516497 0.045296 0.093129 0.090178
6 0.096769 0.390339 0.057861 0.043330
2 0.026217 0.399212 0.051955 0.053304
7 0.493079 0.327941 0.023690 0.017152
7 0.534336 0.329838 0.023315 0.018532
7 0.527970 0.280621 0.024415 0.017642
2 0.447447 0.048056 0.083512 0.095267
7 0.494821 0.269882 0.022466 0.017765
7 0.467198 0.324489 0.024467 0.017937
2 0.354307 0.970540 0.313788 0.058919
7 0.489177 0.368175 0.019862 0.013977
7 0.487414 0.358244 0.021370 0.017380
10 0.011951 0.932451 0.023903 0.034603
7 0.915259 0.493027 0.038811 0.024944
7 0.509393 0.345487 0.022229 0.016813
5 0.145033 0.107066 0.289514 0.214133
5 0.886410 0.063306 0.227179 0.126613
6 0.120084 0.302441 0.056052 0.043574
7 0.511465 0.361152 0.018028 0.013400
7 0.550364 0.342192 0.022064 0.021754
