5 0.522493 0.553913 0.943768 0.433043
2 0.682493 0.445217 0.271304 0.132174
2 0.505101 0.584348 0.157681 0.173913
2 0.688290 0.578261 0.185507 0.172174
2 0.364812 0.584348 0.169275 0.173913
2 0.577928 0.386122 0.156087 0.080802
0 0.055330 0.923165 0.110660 0.039681
2 0.414435 0.489542 0.101330 0.082079
2 0.503507 0.486039 0.095387 0.070206
5 0.692660 0.444744 0.271164 0.128096
2 0.719933 0.707675 0.087464 0.057861
2 0.710676 0.428623 0.173736 0.082758
2 0.328406 0.485962 0.106283 0.076091
0 0.018531 0.962514 0.037062 0.073756
2 0.386121 0.444395 0.082567 0.062973
3 0.752093 0.070406 0.495809 0.140665
0 0.014445 0.950445 0.028891 0.056203
0 0.010409 0.958151 0.020479 0.083698
