6 0.483072 0.537913 0.220290 0.168696
2 0.826261 0.217043 0.266667 0.219130
3 0.888870 0.277913 0.164638 0.166957
7 0.161196 0.523244 0.061419 0.041346
7 0.908778 0.230629 0.063226 0.063316
7 0.941952 0.278915 0.052050 0.038002
2 0.061678 0.481741 0.123356 0.158815
5 0.256835 0.118392 0.493737 0.236321
3 0.098238 0.519857 0.196477 0.254616
7 0.215568 0.041622 0.035252 0.028066
7 0.347849 0.099278 0.035476 0.032041
7 0.325107 0.072408 0.038965 0.031498
3 0.979641 0.045023 0.040718 0.089780
5 0.808396 0.039125 0.377123 0.078251
