5 0.440174 0.658261 0.806957 0.506087
5 0.617565 0.363478 0.415072 0.139130
5 0.600764 0.965326 0.328575 0.069347
5 0.903892 0.656558 0.192217 0.568231
7 0.586005 0.990125 0.025689 0.019751
7 0.555555 0.988416 0.028871 0.021637
7 0.607376 0.980974 0.029435 0.022989
7 0.624118 0.990826 0.025812 0.018098
7 0.597103 0.985172 0.039468 0.027752
7 0.532359 0.995762 0.026182 0.008475
7 0.552431 0.992659 0.026290 0.014569
7 0.569448 0.996694 0.020910 0.006613
7 0.616719 0.987761 0.023418 0.022347
3 0.978618 0.693938 0.042764 0.117541
5 0.906356 0.364347 0.187224 0.167430
