6 0.531768 0.702609 0.118261 0.090435
2 0.535192 0.425493 0.122916 0.114431
3 0.081098 0.639148 0.162197 0.149856
7 0.032729 0.684612 0.042350 0.030987
5 0.188930 0.346122 0.319852 0.233786
2 0.841782 0.589347 0.192934 0.141504
7 0.155655 0.632180 0.034943 0.024302
5 0.504657 0.252275 0.287004 0.191047
7 0.119657 0.582872 0.031849 0.025654
2 0.039152 0.594383 0.078303 0.120623
7 0.245286 0.373142 0.023568 0.018114
7 0.429803 0.984313 0.054370 0.031373
7 0.929922 0.667581 0.035023 0.025799
3 0.578744 0.450871 0.111869 0.077668
7 0.154254 0.342624 0.022965 0.018322
7 0.780812 0.665361 0.040049 0.027456
3 0.850702 0.655613 0.218406 0.146755
7 0.851780 0.717319 0.037789 0.025919
2 0.245333 0.958761 0.252554 0.082478
7 0.240859 0.371047 0.024535 0.020126
2 0.228093 0.061917 0.121218 0.117307
7 0.228888 0.358881 0.023281 0.017727
7 0.206244 0.377739 0.022775 0.017380
7 0.193553 0.403541 0.021143 0.016221
7 0.171206 0.307564 0.021422 0.016923
7 0.188738 0.391491 0.020840 0.016412
7 0.206506 0.314707 0.023897 0.016940
7 0.274689 0.367995 0.021140 0.015497
7 0.614207 0.453032 0.028262 0.020244
7 0.365836 0.903416 0.042448 0.030522
7 0.811756 0.609507 0.042192 0.029968
2 0.154226 0.072000 0.131309 0.118259
7 0.252375 0.348361 0.018113 0.012413
7 0.245345 0.357431 0.017549 0.013236
7 0.185511 0.363508 0.022086 0.015212
7 0.005317 0.633125 0.010634 0.023581
7 0.157771 0.363022 0.021003 0.014492
3 0.014719 0.250477 0.029422 0.057434
7 0.250251 0.380353 0.017579 0.011909
5 0.556680 0.069591 0.424245 0.139183
2 0.076487 0.081002 0.129036 0.122684
7 0.226541 0.324365 0.022445 0.015731
2 0.537951 0.035170 0.077383 0.070070
7 0.228780 0.398097 0.014556 0.010917
7 0.215305 0.394547 0.015758 0.012093
7 0.218754 0.395116 0.017682 0.013906
7 0.224647 0.338899 0.023992 0.015138
7 0.227896 0.395119 0.016129 0.012217
