3 0.125014 0.391304 0.250028 0.184348
3 0.851101 0.366957 0.297797 0.173913
3 0.120377 0.908696 0.240754 0.182608
2 0.122493 0.293043 0.213333 0.189565
0 0.484232 0.572174 0.180870 0.219130
2 0.944737 0.330514 0.110296 0.164477
7 0.820174 0.425118 0.052252 0.033405
0 0.445782 0.610792 0.109342 0.147510
0 0.377068 0.896444 0.151026 0.207112
1 0.598241 0.721369 0.803518 0.551491
7 0.977889 0.369192 0.044222 0.041973
6 0.973300 0.360517 0.053399 0.079298
7 0.027319 0.448385 0.052544 0.037518
2 0.974041 0.404654 0.051918 0.091492
