2 0.713797 0.708696 0.222609 0.210435
2 0.589739 0.719130 0.169275 0.200000
2 0.317815 0.725681 0.167173 0.202951
2 0.462500 0.718954 0.142582 0.206755
2 0.344246 0.580039 0.119639 0.109172
2 0.357889 0.453983 0.156330 0.058646
2 0.768065 0.869261 0.084705 0.049698
2 0.451891 0.582532 0.108275 0.103929
2 0.608507 0.506944 0.097378 0.091860
2 0.751435 0.579420 0.138385 0.119989
2 0.447502 0.500466 0.109696 0.088656
5 0.502878 0.642262 0.994243 0.614428
2 0.546117 0.584841 0.105305 0.116758
2 0.358649 0.503245 0.091149 0.080509
2 0.689359 0.501548 0.097118 0.090875
