7 0.538725 0.648696 0.053333 0.038261
7 0.699884 0.676522 0.064928 0.034783
7 0.355536 0.653913 0.053333 0.034783
7 0.586071 0.746393 0.066107 0.041349
7 0.418915 0.590151 0.051711 0.035722
7 0.445416 0.529843 0.038867 0.029486
7 0.639250 0.667310 0.049996 0.031231
7 0.615179 0.685886 0.045362 0.030927
7 0.680998 0.516757 0.041102 0.030788
7 0.633938 0.613155 0.048421 0.029925
7 0.395849 0.670263 0.047665 0.032676
7 0.595539 0.661541 0.046379 0.034675
7 0.553232 0.665770 0.043546 0.031126
7 0.562714 0.690308 0.048123 0.036058
7 0.562815 0.519018 0.037291 0.030151
0 0.269812 0.785682 0.244535 0.094481
7 0.511363 0.546363 0.037843 0.029684
7 0.565422 0.619599 0.046723 0.031778
7 0.482912 0.583098 0.039036 0.028303
7 0.703173 0.661069 0.047626 0.029152
7 0.515770 0.672737 0.044433 0.029524
7 0.483083 0.620444 0.036089 0.028051
7 0.432909 0.678450 0.052090 0.035348
7 0.669545 0.648008 0.045677 0.028155
7 0.624576 0.646807 0.047629 0.030613
7 0.678543 0.569547 0.049568 0.034145
7 0.444405 0.618693 0.033138 0.024933
7 0.499204 0.569387 0.038068 0.025085
7 0.429231 0.659031 0.041309 0.027897
7 0.666012 0.630521 0.047366 0.028794
7 0.469224 0.685574 0.040782 0.033243
7 0.393082 0.617049 0.038406 0.030470
7 0.702291 0.623558 0.041460 0.023558
5 0.914879 0.504711 0.170243 0.681112
7 0.528053 0.690404 0.035060 0.027063
7 0.602031 0.564153 0.036635 0.030429
