4 0.357855 0.571826 0.600580 0.476522
2 0.508146 0.356361 0.238824 0.165224
7 0.347835 0.420807 0.045318 0.032997
7 0.485337 0.454474 0.052157 0.034670
7 0.480739 0.387343 0.046321 0.036023
7 0.245168 0.823456 0.059518 0.046395
3 0.442478 0.412831 0.179333 0.127368
0 0.479597 0.143254 0.109808 0.051096
2 0.164791 0.870848 0.329329 0.186446
7 0.390974 0.359795 0.030033 0.025297
6 0.493975 0.373517 0.089130 0.063152
7 0.073752 0.764662 0.062555 0.044303
4 0.540448 0.694655 0.635023 0.596939
7 0.159195 0.953256 0.055836 0.039370
2 0.979281 0.084070 0.041438 0.042094
2 0.311182 0.008485 0.084681 0.016970
7 0.554319 0.446884 0.028263 0.020568
4 0.119145 0.628555 0.238188 0.619628
7 0.298493 0.172078 0.028914 0.021702
7 0.280843 0.082816 0.021866 0.015775
