4 0.246754 0.555304 0.493507 0.436522
7 0.626841 0.412696 0.067246 0.036522
7 0.602493 0.480522 0.055652 0.029565
7 0.469159 0.430957 0.044058 0.031304
7 0.525971 0.381391 0.032464 0.036522
7 0.160754 0.735304 0.071884 0.041739
7 0.058725 0.832696 0.067246 0.048696
7 0.212927 0.925739 0.074203 0.050435
2 0.650029 0.387478 0.257391 0.160000
3 0.069362 0.220522 0.138724 0.139130
2 0.243072 0.857913 0.347826 0.189565
3 0.555127 0.436195 0.249992 0.152000
2 0.022878 0.156470 0.045650 0.117762
4 0.406604 0.624054 0.796063 0.571478
7 0.318658 0.813495 0.048405 0.035571
4 0.378485 0.114700 0.738475 0.228790
4 0.471237 0.357674 0.942474 0.715347
0 0.655390 0.172512 0.119215 0.047724
6 0.637178 0.401828 0.093220 0.062784
7 0.054097 0.275308 0.033568 0.022589
