7 0.350899 0.436174 0.053333 0.041739
7 0.532927 0.405739 0.037101 0.033043
7 0.503942 0.316174 0.034783 0.038261
6 0.305681 0.350087 0.115942 0.071304
7 0.320754 0.367478 0.048696 0.040000
2 0.299884 0.310957 0.285217 0.201739
3 0.426261 0.383130 0.259710 0.161739
6 0.442493 0.622261 0.115942 0.069565
7 0.784403 0.012650 0.035892 0.025301
6 0.078851 0.078751 0.085311 0.067853
10 0.014468 0.862452 0.028367 0.038249
6 0.075433 0.126763 0.091876 0.051276
2 0.063412 0.016438 0.098732 0.032876
7 0.834864 0.011124 0.034306 0.022248
7 0.014264 0.862204 0.028447 0.037731
6 0.060115 0.015584 0.094861 0.031031
7 0.689367 0.028594 0.034908 0.029096
5 0.753959 0.067489 0.462956 0.134889
7 0.725913 0.009403 0.033276 0.018806
7 0.744917 0.025140 0.029797 0.022073
6 0.012048 0.018487 0.024096 0.036973
6 0.028222 0.053361 0.056444 0.049812
7 0.492003 0.941712 0.071529 0.047574
7 0.689561 0.048438 0.028010 0.021249
7 0.723575 0.895894 0.062014 0.045078
7 0.743957 0.031609 0.032034 0.023657
7 0.736074 0.016840 0.028760 0.031072
6 0.010795 0.029695 0.021590 0.059389
6 0.131618 0.024535 0.058907 0.046633
