7 0.804174 0.630435 0.023478 0.043478
7 0.845261 0.666957 0.022174 0.033043
7 0.822435 0.714783 0.023478 0.024348
7 0.865478 0.727826 0.020870 0.036522
7 0.073739 0.698261 0.023478 0.043478
7 0.084174 0.622609 0.018261 0.027826
10 0.826348 0.819130 0.036522 0.031304
10 0.887000 0.875652 0.027391 0.050435
10 0.875261 0.946087 0.024783 0.034783
10 0.922217 0.955652 0.030000 0.029565
10 0.840043 0.926087 0.035217 0.040000
3 0.260913 0.419130 0.108261 0.187826
3 0.572000 0.440000 0.104348 0.198261
4 0.648956 0.240000 0.534783 0.166957
1 0.398522 0.668696 0.542609 0.662608
5 0.888484 0.864835 0.220519 0.263033
10 0.880499 0.850158 0.028955 0.039119
5 0.834415 0.623324 0.193019 0.267348
7 0.842577 0.709579 0.020140 0.028395
10 0.019358 0.850377 0.024215 0.035754
7 0.839077 0.673401 0.036177 0.032406
10 0.633855 0.963125 0.027376 0.032209
7 0.056208 0.689647 0.023302 0.032197
7 0.793137 0.668080 0.018541 0.027586
7 0.816756 0.698589 0.021622 0.026718
10 0.817460 0.698440 0.019955 0.025662
10 0.046128 0.846618 0.015563 0.024866
7 0.824529 0.677563 0.023418 0.030890
7 0.052654 0.745221 0.022430 0.029061
7 0.030505 0.742400 0.021652 0.029180
10 0.554675 0.932249 0.023986 0.034441
7 0.099590 0.613034 0.017417 0.023053
10 0.223496 0.930158 0.027888 0.036628
5 0.051105 0.870035 0.101817 0.252956
7 0.809266 0.728044 0.019800 0.026328
7 0.104646 0.629339 0.015517 0.021799
10 0.893620 0.990144 0.027785 0.019712
10 0.863126 0.981859 0.040320 0.036147
7 0.115981 0.614957 0.012659 0.019274
10 0.632294 0.933739 0.023027 0.032221
7 0.810504 0.722712 0.025272 0.030189
10 0.004829 0.869446 0.009658 0.026409
