2 0.672058 0.453043 0.264348 0.144348
2 0.529449 0.398261 0.169275 0.093913
2 0.364812 0.605217 0.136812 0.184348
2 0.527130 0.605217 0.146087 0.173913
5 0.522985 0.555652 0.954029 0.474783
2 0.688700 0.602075 0.159166 0.170893
2 0.491664 0.496931 0.092337 0.072719
2 0.392946 0.502157 0.095174 0.084853
2 0.488549 0.522085 0.089585 0.122355
2 0.336040 0.456042 0.085182 0.077532
5 0.686355 0.461908 0.276764 0.138813
2 0.296353 0.500038 0.100073 0.084997
2 0.416042 0.455433 0.080861 0.063132
2 0.493555 0.454451 0.077482 0.056152
2 0.751872 0.723969 0.081273 0.053155
0 0.027106 0.972158 0.054183 0.033482
2 0.448086 0.625306 0.038622 0.120928
2 0.673770 0.435933 0.143787 0.078124
