5 0.422985 0.549565 0.845970 0.476522
6 0.440847 0.904762 0.076095 0.058397
6 0.469915 0.960635 0.082286 0.068523
6 0.351510 0.984951 0.085147 0.030098
5 0.580523 0.312086 0.507454 0.121737
7 0.728738 0.970990 0.035271 0.027203
2 0.531164 0.704003 0.064728 0.049294
7 0.804816 0.983079 0.031873 0.025085
7 0.929031 0.973837 0.041831 0.030616
6 0.408834 0.969894 0.079049 0.053754
7 0.833039 0.989392 0.034233 0.021216
7 0.770791 0.959657 0.031745 0.024845
5 0.903089 0.558169 0.193821 0.522188
6 0.425316 0.988886 0.076042 0.022227
2 0.958821 0.401818 0.082359 0.050211
2 0.366273 0.569547 0.154673 0.160542
6 0.374882 0.912456 0.080935 0.056188
7 0.750046 0.995529 0.037073 0.008942
2 0.987626 0.438523 0.024712 0.078374
7 0.779385 0.995183 0.049976 0.009634
