2 0.190478 0.395652 0.108261 0.116522
5 0.410913 0.268696 0.139565 0.151304
5 0.307870 0.249565 0.116087 0.165217
5 0.224391 0.249565 0.123913 0.151304
1 0.144049 0.596623 0.280934 0.401377
3 0.174307 0.440665 0.080156 0.101737
4 0.145301 0.601673 0.287938 0.402009
4 0.397427 0.040378 0.376547 0.080739
6 0.232343 0.240669 0.036453 0.035763
5 0.090785 0.264503 0.180649 0.251708
0 0.321385 0.254740 0.050075 0.040862
7 0.410737 0.250753 0.011355 0.015507
3 0.055555 0.686970 0.111109 0.163460
7 0.425329 0.298856 0.011715 0.015701
7 0.400167 0.292136 0.011435 0.014858
7 0.436533 0.250176 0.009845 0.015481
7 0.412852 0.282021 0.009045 0.012603
7 0.394532 0.272345 0.012352 0.017998
7 0.415308 0.294459 0.010537 0.014195
7 0.402043 0.275968 0.010307 0.013238
7 0.428970 0.279867 0.010076 0.012927
7 0.405789 0.299668 0.012808 0.017695
7 0.415843 0.305857 0.011395 0.014577
7 0.404559 0.304277 0.011084 0.015453
7 0.391659 0.294309 0.010056 0.013823
7 0.391546 0.286304 0.010582 0.012577
7 0.406081 0.295542 0.011634 0.014332
7 0.431480 0.258511 0.008443 0.013059
