10 0.457565 0.679130 0.090435 0.057391
3 0.505101 0.445217 0.329275 0.243478
7 0.408870 0.523478 0.071884 0.041739
7 0.593217 0.497391 0.074203 0.041739
7 0.398435 0.439130 0.060290 0.046957
3 0.554623 0.078336 0.148426 0.156672
10 0.146371 0.126844 0.040251 0.029941
10 0.268506 0.127856 0.033220 0.024060
10 0.240704 0.236779 0.040396 0.026844
10 0.213717 0.139324 0.038279 0.025921
10 0.150182 0.149271 0.036638 0.025535
10 0.016977 0.931206 0.033306 0.035897
7 0.619806 0.466764 0.030514 0.022905
10 0.283668 0.277900 0.034202 0.022606
10 0.262725 0.262759 0.039187 0.028170
10 0.124613 0.218090 0.045826 0.029865
