3 0.326783 0.520870 0.133043 0.151304
3 0.700478 0.565217 0.142174 0.135652
3 0.215261 0.880870 0.238696 0.193043
3 0.779391 0.910435 0.174783 0.179130
2 0.723956 0.519130 0.095217 0.165217
2 0.145478 0.776522 0.166957 0.193043
2 0.730478 0.812174 0.186522 0.201739
4 0.778174 0.203478 0.443652 0.156522
1 0.495043 0.729565 0.845217 0.526957
5 0.623386 0.421140 0.119706 0.168416
2 0.020737 0.469566 0.041474 0.102868
5 0.500049 0.417776 0.113905 0.164920
5 0.388719 0.413069 0.124778 0.171716
7 0.728449 0.876534 0.045437 0.054880
7 0.639477 0.466208 0.016251 0.021474
7 0.604930 0.468737 0.012744 0.016383
7 0.720792 0.977615 0.036866 0.043873
0 0.500021 0.411379 0.029520 0.035927
7 0.605404 0.455285 0.011538 0.015147
7 0.588248 0.447587 0.013326 0.017825
7 0.629535 0.420084 0.014341 0.017218
10 0.482212 0.990972 0.042213 0.017811
