5 0.602652 0.536522 0.259565 0.412174
5 0.342435 0.565217 0.294783 0.431304
5 0.119391 0.578261 0.226957 0.436522
6 0.125913 0.510435 0.088696 0.106087
6 0.169609 0.667826 0.074348 0.059130
6 0.050913 0.683478 0.058696 0.093913
7 0.628739 0.644348 0.035217 0.046957
7 0.540043 0.449565 0.027391 0.033043
7 0.570043 0.606957 0.030000 0.038261
7 0.615043 0.581739 0.031304 0.029565
7 0.602000 0.441739 0.026087 0.027826
7 0.517870 0.646957 0.027391 0.045217
7 0.583739 0.667826 0.028696 0.034783
7 0.511348 0.460870 0.019565 0.027826
7 0.641783 0.559130 0.030000 0.050435
7 0.660043 0.634783 0.027391 0.038261
0 0.361348 0.618261 0.084783 0.151304
0 0.340478 0.487826 0.116087 0.099130
0 0.298739 0.622609 0.027391 0.139130
0 0.432435 0.639130 0.033913 0.137391
2 0.125016 0.515359 0.087899 0.102185
0 0.370925 0.556049 0.081875 0.038819
7 0.603468 0.619649 0.028339 0.037346
7 0.536202 0.591544 0.029025 0.038976
0 0.362459 0.645215 0.074124 0.080780
0 0.369632 0.660706 0.064444 0.059951
7 0.568232 0.655861 0.026926 0.042504
0 0.346500 0.520274 0.094176 0.044421
0 0.330728 0.617047 0.048264 0.135961
0 0.402874 0.621139 0.023323 0.099102
7 0.543424 0.527606 0.023012 0.033824
0 0.338040 0.466459 0.097818 0.045005
7 0.545395 0.651928 0.027222 0.039668
7 0.590729 0.569525 0.026482 0.036401
7 0.523904 0.515305 0.025120 0.031697
7 0.661164 0.663175 0.032398 0.032820
0 0.398066 0.523808 0.037768 0.061998
7 0.615668 0.483312 0.026421 0.035148
7 0.528942 0.619379 0.028774 0.036916
7 0.551762 0.612670 0.025380 0.037181
7 0.570999 0.581242 0.025867 0.034306
7 0.582506 0.635693 0.026454 0.037318
0 0.396049 0.465574 0.059533 0.042504
0 0.317985 0.619684 0.052324 0.141485
7 0.576580 0.539376 0.025025 0.033468
7 0.629991 0.503761 0.018865 0.029588
7 0.549831 0.568029 0.024014 0.033343
0 0.379552 0.549182 0.068053 0.034250
7 0.553405 0.476939 0.019542 0.025017
0 0.426832 0.651605 0.021356 0.083761
7 0.635672 0.593371 0.022827 0.034685
0 0.334035 0.593360 0.042153 0.077811
7 0.571278 0.484300 0.019202 0.026757
7 0.576641 0.653584 0.017977 0.038075
0 0.408753 0.518837 0.020440 0.062923
7 0.604378 0.648077 0.025463 0.034020
0 0.337829 0.658598 0.036522 0.052727
0 0.341196 0.641421 0.041984 0.084524
0 0.363187 0.590436 0.072039 0.074619
7 0.528575 0.463792 0.015078 0.022923
7 0.623865 0.452227 0.018381 0.024833
7 0.531735 0.605088 0.029391 0.044381
0 0.364156 0.646240 0.064256 0.044449
0 0.418481 0.517252 0.015829 0.061318
0 0.321722 0.625636 0.035172 0.094459
0 0.339515 0.495521 0.079246 0.067083
7 0.549825 0.470741 0.017111 0.024356
2 0.109450 0.684995 0.082609 0.094618
