3 0.553087 0.867826 0.199565 0.253913
1 0.349261 0.728696 0.698522 0.535652
2 0.229609 0.462609 0.090000 0.114783
2 0.101130 0.807826 0.151304 0.154783
2 0.605261 0.457391 0.105652 0.118261
3 0.570043 0.521739 0.092609 0.104348
5 0.841432 0.297663 0.152658 0.197295
5 0.315624 0.310632 0.368397 0.316065
5 0.610995 0.295949 0.121798 0.181864
5 0.722521 0.298039 0.132296 0.192537
2 0.422542 0.282259 0.075097 0.088273
0 0.700948 0.286507 0.042333 0.040800
7 0.857514 0.329577 0.016780 0.020951
2 0.268933 0.301193 0.078756 0.081734
7 0.841574 0.339073 0.013898 0.018334
3 0.209219 0.504059 0.068286 0.066198
6 0.606266 0.281909 0.034923 0.036608
0 0.728496 0.284579 0.067643 0.033850
7 0.836470 0.347667 0.012281 0.017791
3 0.082877 0.861845 0.120449 0.087138
7 0.810643 0.347146 0.013844 0.019600
7 0.842160 0.296445 0.013332 0.017855
7 0.799902 0.280571 0.014535 0.020069
0 0.712850 0.335212 0.049661 0.059036
7 0.834855 0.351266 0.013127 0.019581
4 0.841383 0.040211 0.316990 0.080101
7 0.835056 0.278294 0.014874 0.019251
7 0.821911 0.347446 0.013310 0.017843
7 0.828213 0.332920 0.012119 0.014877
7 0.822917 0.319734 0.011654 0.016371
7 0.853259 0.344890 0.012984 0.020260
7 0.840230 0.344799 0.014969 0.020786
7 0.849181 0.305554 0.010906 0.016420
7 0.845101 0.299401 0.011898 0.016620
7 0.866816 0.352462 0.013364 0.017343
0 0.691466 0.335164 0.011794 0.053708
7 0.848420 0.317377 0.013704 0.019203
2 0.316059 0.410280 0.089934 0.062080
0 0.686028 0.331278 0.010725 0.058458
0 0.712537 0.314158 0.047277 0.018016
7 0.848264 0.319686 0.010066 0.014882
7 0.824891 0.316610 0.011605 0.014589
7 0.805941 0.314004 0.012960 0.016833
7 0.848761 0.311581 0.012016 0.019376
