5 0.198956 0.245217 0.310435 0.253913
5 0.602652 0.246087 0.110870 0.147826
5 0.504826 0.247826 0.092609 0.168696
5 0.407652 0.230435 0.106957 0.175652
1 0.232522 0.564348 0.465043 0.419130
3 0.268087 0.653913 0.140870 0.146087
3 0.359391 0.424348 0.075652 0.107826
2 0.384826 0.373913 0.092609 0.093913
2 0.095913 0.345217 0.067826 0.130435
2 0.180043 0.236522 0.061304 0.055652
0 0.501741 0.242854 0.054015 0.034557
5 0.935809 0.477463 0.128382 0.288285
6 0.415830 0.222812 0.033091 0.032176
6 0.429669 0.270866 0.033186 0.035016
7 0.588236 0.239620 0.012196 0.015469
4 0.613401 0.031544 0.367379 0.062587
7 0.616601 0.239759 0.013324 0.018114
7 0.581749 0.282552 0.012005 0.016342
7 0.608357 0.289041 0.013067 0.018604
