7 0.507420 0.651826 0.074203 0.048696
3 0.865014 0.691826 0.269971 0.163478
3 0.717492 0.338540 0.161371 0.165631
5 0.589270 0.248842 0.673507 0.468672
3 0.557660 0.330816 0.149082 0.177310
3 0.433578 0.359569 0.128379 0.127619
3 0.430563 0.328243 0.149575 0.176970
5 0.208973 0.552263 0.320843 0.131400
5 0.161943 0.248225 0.323886 0.460111
7 0.238817 0.561759 0.024584 0.019196
7 0.154946 0.570547 0.024660 0.017756
5 0.173456 0.034857 0.346814 0.069534
7 0.180328 0.581396 0.028777 0.021452
5 0.571375 0.033211 0.495119 0.066344
7 0.210557 0.553266 0.024096 0.019354
7 0.290017 0.567850 0.024432 0.018599
7 0.576885 0.571567 0.032268 0.026767
7 0.198262 0.566369 0.021369 0.017466
7 0.150566 0.574726 0.023394 0.018249
7 0.207398 0.521330 0.021383 0.016538
