1 0.649609 0.378261 0.538696 0.300870
5 0.605913 0.686087 0.122609 0.120000
5 0.213956 0.286957 0.303913 0.288696
5 0.072087 0.902609 0.144174 0.194782
5 0.452000 0.207826 0.117391 0.133913
2 0.708304 0.206957 0.095217 0.100870
2 0.816565 0.310435 0.092609 0.113043
2 0.545261 0.389565 0.123913 0.142609
3 0.459174 0.296522 0.084783 0.113043
3 0.580478 0.448696 0.142174 0.097391
3 0.834826 0.366957 0.131739 0.093913
3 0.684174 0.254783 0.080870 0.085217
4 0.671960 0.038360 0.252466 0.076720
5 0.555488 0.742267 0.065353 0.090927
5 0.542390 0.707308 0.090320 0.145730
5 0.920427 0.175235 0.083701 0.064656
5 0.968324 0.215371 0.063352 0.076042
10 0.005839 0.100284 0.011599 0.064963
5 0.014621 0.946097 0.029058 0.104090
