5 0.113826 0.333043 0.227652 0.401739
5 0.337217 0.226957 0.127826 0.186087
5 0.240696 0.200870 0.133043 0.186087
5 0.515913 0.233043 0.138261 0.222609
5 0.620261 0.223478 0.125217 0.165217
1 0.301348 0.656522 0.486522 0.624348
4 0.594174 0.720870 0.138261 0.485217
5 0.785913 0.326957 0.300000 0.431304
3 0.435043 0.722609 0.112174 0.200000
3 0.137652 0.706087 0.140870 0.142609
3 0.795696 0.403478 0.126522 0.170435
3 0.091372 0.175103 0.114725 0.111990
5 0.929590 0.096204 0.140220 0.191264
7 0.539215 0.253418 0.016695 0.020647
