7 0.398435 0.727478 0.041739 0.033043
7 0.546841 0.599652 0.037101 0.027826
7 0.621043 0.651826 0.037101 0.027826
7 0.457565 0.718783 0.044058 0.036522
7 0.456406 0.658783 0.032464 0.031304
7 0.602493 0.750087 0.051014 0.033043
7 0.562218 0.548931 0.038976 0.026935
7 0.458602 0.784267 0.046550 0.038212
5 0.549858 0.314970 0.357666 0.205545
7 0.442671 0.749719 0.044917 0.036861
7 0.627398 0.602258 0.036062 0.026315
7 0.401546 0.589291 0.034560 0.024044
7 0.456883 0.600680 0.035552 0.025861
5 0.884891 0.373305 0.222114 0.315050
7 0.651846 0.689291 0.043095 0.030415
7 0.657714 0.595941 0.035962 0.027177
5 0.464054 0.627476 0.578360 0.545067
7 0.654926 0.638153 0.043971 0.033689
7 0.400375 0.667659 0.042087 0.029113
7 0.583860 0.591193 0.034532 0.023566
7 0.580013 0.706335 0.042769 0.034439
7 0.536192 0.792287 0.049665 0.036404
7 0.608064 0.539958 0.036531 0.025020
7 0.339513 0.735131 0.044342 0.032926
7 0.405643 0.755824 0.040912 0.030297
7 0.546721 0.585438 0.033432 0.022761
7 0.497537 0.669756 0.041108 0.028761
7 0.509939 0.708317 0.042896 0.030158
7 0.373749 0.779721 0.044257 0.036038
5 0.903466 0.634648 0.192213 0.522983
7 0.410649 0.559213 0.036503 0.023810
7 0.520181 0.595973 0.031340 0.023270
7 0.434321 0.646072 0.035115 0.025974
7 0.515437 0.686990 0.040126 0.028059
7 0.444196 0.587008 0.055754 0.030256
7 0.570231 0.614753 0.033351 0.024827
7 0.367529 0.678851 0.040066 0.031013
7 0.357209 0.714804 0.038915 0.029010
7 0.530740 0.770799 0.047055 0.030074
7 0.434068 0.585189 0.033848 0.023658
7 0.466569 0.565327 0.033368 0.023611
7 0.564471 0.671756 0.038184 0.028421
7 0.629889 0.711180 0.043138 0.031424
7 0.555289 0.649309 0.034351 0.025082
7 0.505941 0.545535 0.037125 0.028843
7 0.618674 0.565854 0.033985 0.022227
7 0.588984 0.649115 0.037404 0.031076
7 0.532725 0.663976 0.034263 0.026127
7 0.324775 0.762507 0.046755 0.032759
7 0.368730 0.757293 0.042775 0.031929
7 0.501992 0.754734 0.040722 0.031400
7 0.571447 0.734637 0.045494 0.032009
7 0.521819 0.643107 0.034135 0.025991
7 0.512683 0.731045 0.041068 0.029610
10 0.402202 0.589734 0.037276 0.026621
7 0.490261 0.601047 0.033001 0.023280
7 0.385085 0.632960 0.037496 0.027294
7 0.564270 0.631534 0.034152 0.023883
7 0.598944 0.667277 0.037308 0.026370
7 0.572608 0.702984 0.030133 0.030454
7 0.512715 0.574686 0.031605 0.022945
7 0.548427 0.692858 0.038237 0.028650
7 0.599395 0.607911 0.033329 0.024285
7 0.415131 0.693988 0.041662 0.031970
7 0.568528 0.761527 0.042658 0.032369
7 0.509046 0.614397 0.032839 0.023990
7 0.646961 0.560195 0.035237 0.023812
7 0.463620 0.636143 0.034865 0.025585
7 0.385159 0.701457 0.034770 0.027139
7 0.479367 0.539340 0.032081 0.021917
7 0.441922 0.619786 0.033303 0.022440
7 0.418084 0.631704 0.032934 0.024442
7 0.497494 0.630606 0.034435 0.023310
7 0.313212 0.711585 0.040642 0.030006
7 0.422572 0.544915 0.032061 0.022045
7 0.477730 0.738451 0.040247 0.031411
7 0.490809 0.648783 0.036346 0.025804
7 0.538569 0.746883 0.043424 0.033732
7 0.442378 0.558860 0.031976 0.022675
7 0.543176 0.718014 0.040693 0.029384
7 0.534904 0.589549 0.032829 0.023741
7 0.476819 0.618609 0.031282 0.022199
7 0.494988 0.658404 0.040021 0.032984
10 0.313865 0.711735 0.040118 0.030229
