6 0.568870 0.564870 0.104348 0.118261
7 0.139884 0.588348 0.053333 0.043478
7 0.266261 0.172696 0.037101 0.033043
7 0.844812 0.324870 0.039420 0.041739
2 0.735826 0.284000 0.211014 0.189565
3 0.803072 0.317043 0.173913 0.123478
5 0.211971 0.169391 0.423942 0.338782
7 0.093507 0.510087 0.053333 0.046957
7 0.243478 0.107109 0.034723 0.026799
7 0.168120 0.149102 0.033364 0.025031
7 0.334937 0.186214 0.032514 0.023634
5 0.716011 0.078127 0.457384 0.156255
3 0.061501 0.592276 0.122355 0.214780
7 0.291067 0.194848 0.034417 0.026897
7 0.204931 0.179381 0.032661 0.023973
7 0.088961 0.132889 0.034803 0.027434
7 0.195284 0.100133 0.030275 0.024387
7 0.125455 0.160651 0.035647 0.024050
7 0.274935 0.178046 0.033789 0.033633
7 0.169280 0.179245 0.030342 0.024129
7 0.797854 0.300738 0.048239 0.039449
6 0.548047 0.685917 0.092001 0.066327
