7 0.405391 0.450087 0.051014 0.055652
7 0.420464 0.536174 0.048696 0.036522
7 0.603652 0.515304 0.057971 0.043478
3 0.505101 0.464000 0.306087 0.243478
10 0.461805 0.685621 0.053454 0.044019
10 0.463321 0.679476 0.072009 0.059777
7 0.629784 0.485765 0.031194 0.023477
10 0.024907 0.924907 0.042502 0.033770
10 0.302255 0.158150 0.028355 0.022033
10 0.184729 0.157503 0.038234 0.027134
10 0.187550 0.177549 0.033209 0.024698
3 0.576933 0.108957 0.145427 0.149954
10 0.271439 0.260511 0.038132 0.024807
7 0.202837 0.285515 0.040381 0.027759
10 0.253372 0.287690 0.032168 0.025469
10 0.292527 0.286638 0.036236 0.026970
3 0.711773 0.035683 0.128404 0.071058
10 0.311986 0.300937 0.031263 0.021097
10 0.250153 0.169854 0.035950 0.027175
3 0.976156 0.019268 0.047688 0.038535
