5 0.362652 0.261739 0.379565 0.325217
5 0.675696 0.245217 0.116087 0.180870
5 0.785913 0.253043 0.135652 0.179130
5 0.892217 0.274783 0.147391 0.208696
3 0.617652 0.796522 0.172174 0.187826
3 0.620913 0.485217 0.123913 0.114783
3 0.272652 0.444348 0.069130 0.078261
3 0.165696 0.771304 0.131739 0.074783
2 0.185261 0.710435 0.147391 0.140870
2 0.295478 0.402609 0.091304 0.116522
2 0.660043 0.418261 0.110870 0.130435
2 0.314391 0.253043 0.076957 0.064348
1 0.418087 0.666957 0.696522 0.533913
2 0.475603 0.246557 0.078218 0.089238
7 0.892908 0.313450 0.014581 0.018914
7 0.909306 0.305028 0.015555 0.019650
0 0.783943 0.254429 0.075108 0.033118
6 0.666629 0.244626 0.034211 0.036551
0 0.767222 0.300421 0.048173 0.053228
7 0.892945 0.274213 0.012193 0.015956
7 0.884672 0.255758 0.014153 0.018497
0 0.759430 0.255598 0.035160 0.034169
7 0.859975 0.318946 0.014776 0.019781
4 0.875941 0.030655 0.247699 0.061309
7 0.873562 0.321659 0.012760 0.017306
7 0.879568 0.308126 0.012398 0.015586
7 0.904797 0.319526 0.013674 0.019788
7 0.899326 0.286314 0.013852 0.021530
7 0.875211 0.294010 0.012370 0.015550
7 0.864385 0.264965 0.011703 0.016933
7 0.888070 0.260845 0.013080 0.016422
7 0.854125 0.255978 0.010883 0.015391
6 0.661200 0.437090 0.040409 0.045952
7 0.895406 0.282665 0.013763 0.020661
7 0.804423 0.286262 0.016300 0.022845
