7 0.528290 0.438783 0.194783 0.137391
7 0.756570 0.328718 0.096724 0.068914
7 0.269925 0.447638 0.105456 0.069498
7 0.163650 0.551537 0.105547 0.075763
7 0.253297 0.539080 0.115626 0.073359
7 0.714161 0.277209 0.091546 0.058296
7 0.265180 0.265733 0.076078 0.055278
6 0.664271 0.503661 0.169481 0.192205
7 0.199644 0.493628 0.091767 0.064238
7 0.291980 0.352560 0.080529 0.063948
6 0.363983 0.771807 0.229074 0.211092
7 0.207423 0.380534 0.083526 0.057894
7 0.662938 0.495136 0.164451 0.176081
7 0.269693 0.396259 0.066623 0.043554
7 0.691455 0.349036 0.086907 0.064894
