7 0.501623 0.489217 0.146087 0.144348
7 0.722563 0.343443 0.085861 0.065483
7 0.142790 0.556142 0.102362 0.074984
7 0.293999 0.508653 0.095542 0.107583
7 0.310512 0.425872 0.095813 0.067579
7 0.189213 0.388848 0.080926 0.055929
7 0.293893 0.523945 0.082045 0.067512
7 0.243084 0.453744 0.088112 0.063698
7 0.681170 0.292218 0.088757 0.056755
7 0.178205 0.499533 0.092153 0.066562
7 0.270848 0.361754 0.080208 0.062409
7 0.247184 0.273785 0.077267 0.054747
7 0.659527 0.363408 0.084832 0.065195
7 0.245673 0.403731 0.061780 0.042915
7 0.339377 0.373486 0.074541 0.051068
7 0.443044 0.335500 0.080635 0.055472
7 0.292579 0.484103 0.076073 0.041894
7 0.226733 0.542546 0.091007 0.069513
7 0.473365 0.380104 0.085778 0.051634
7 0.360591 0.316846 0.075186 0.054197
