7 0.425101 0.611304 0.057971 0.050435
3 0.514377 0.347826 0.176232 0.201739
3 0.807710 0.364348 0.183188 0.182609
3 0.922985 0.738261 0.154029 0.144348
1 0.526464 0.830435 0.947072 0.339130
5 0.666754 0.267826 0.666492 0.493913
5 0.255823 0.558599 0.304278 0.133737
3 0.644786 0.346198 0.166123 0.194428
5 0.632278 0.577707 0.266092 0.140290
5 0.202924 0.254903 0.405848 0.455601
7 0.238858 0.580715 0.028831 0.023824
7 0.296467 0.563659 0.024740 0.019177
3 0.515262 0.380607 0.131278 0.118078
5 0.184588 0.034763 0.368227 0.069526
5 0.132573 0.029803 0.254654 0.059412
5 0.688316 0.040810 0.534623 0.078465
7 0.213981 0.569448 0.023838 0.017052
7 0.256864 0.566830 0.022333 0.018216
5 0.968524 0.430850 0.062952 0.149444
7 0.269885 0.553290 0.023098 0.019207
5 0.319627 0.027443 0.268889 0.054874
7 0.245165 0.551575 0.020920 0.017864
7 0.347090 0.571780 0.023735 0.018506
