1 0.413507 0.233913 0.419710 0.113043
9 0.448290 0.464348 0.800000 0.490435
1 0.316764 0.326785 0.308679 0.137031
3 0.419930 0.301609 0.053558 0.075768
5 0.722450 0.387116 0.055101 0.475449
1 0.234604 0.433330 0.217721 0.184816
3 0.302595 0.399387 0.043856 0.104310
3 0.314368 0.401422 0.036918 0.088795
3 0.288058 0.400721 0.045042 0.104681
3 0.325683 0.403700 0.038046 0.090022
3 0.338416 0.406512 0.039174 0.093174
3 0.278088 0.396489 0.038043 0.088392
3 0.376468 0.410400 0.038254 0.106379
3 0.350414 0.409337 0.038505 0.102148
5 0.533459 0.631838 0.053468 0.468844
3 0.376122 0.380314 0.028754 0.078614
3 0.363625 0.410755 0.038101 0.108320
3 0.349250 0.383478 0.030630 0.069184
3 0.363774 0.384714 0.027534 0.067628
3 0.356466 0.384328 0.029136 0.068073
