0 0.486551 0.560522 0.343188 0.067826
2 0.407710 0.407478 0.371014 0.238261
7 0.455246 0.479652 0.071884 0.041739
7 0.721913 0.488348 0.076522 0.045217
7 0.636116 0.390087 0.053333 0.046957
7 0.367130 0.111826 0.048696 0.036522
2 0.139805 0.065755 0.251061 0.131510
3 0.262937 0.135221 0.371610 0.226470
1 0.493196 0.299502 0.858025 0.580597
7 0.216585 0.161681 0.041733 0.035953
7 0.152698 0.051212 0.049432 0.034253
3 0.594059 0.501910 0.424403 0.279817
7 0.209853 0.167438 0.052693 0.049375
0 0.607208 0.560832 0.087407 0.077047
0 0.386905 0.561201 0.117986 0.061365
7 0.456642 0.474823 0.088452 0.074272
