1 0.649043 0.380870 0.701913 0.486957
5 0.467395 0.737258 0.117472 0.138506
5 0.121780 0.892288 0.112104 0.176545
5 0.583423 0.742636 0.082096 0.133102
3 0.427296 0.489982 0.180656 0.173194
5 0.514813 0.077962 0.120329 0.155924
2 0.368756 0.394829 0.155058 0.175875
5 0.633686 0.076984 0.117365 0.153794
3 0.462513 0.173983 0.139759 0.183401
5 0.203802 0.128052 0.396488 0.252799
5 0.061587 0.816231 0.123174 0.317114
2 0.912908 0.416951 0.174184 0.181932
3 0.924958 0.506728 0.150085 0.198055
3 0.840205 0.206452 0.136506 0.131173
2 0.889115 0.146475 0.111776 0.146684
2 0.114082 0.134578 0.079151 0.121448
