1 0.428522 0.590435 0.691304 0.530435
2 0.297795 0.350689 0.093782 0.120219
2 0.665007 0.358223 0.106915 0.123852
5 0.785577 0.199593 0.132027 0.179794
5 0.893902 0.201589 0.147576 0.186881
2 0.209656 0.654385 0.146735 0.141041
5 0.373867 0.218177 0.354231 0.334287
5 0.675275 0.197231 0.127987 0.175024
2 0.472122 0.192269 0.080404 0.089038
3 0.633079 0.725097 0.167819 0.189870
3 0.621197 0.416445 0.112579 0.121654
3 0.275742 0.393995 0.074766 0.081228
7 0.892996 0.247735 0.014573 0.020191
3 0.186363 0.714226 0.133002 0.090651
2 0.315061 0.204963 0.078684 0.072900
7 0.908551 0.237392 0.016560 0.021125
6 0.667267 0.182596 0.034620 0.035617
0 0.767904 0.237300 0.043886 0.051619
7 0.892163 0.207181 0.012671 0.016692
0 0.782330 0.192796 0.071560 0.035619
7 0.873494 0.254846 0.011879 0.017811
7 0.885079 0.189946 0.015878 0.020448
7 0.879148 0.241454 0.011523 0.015307
7 0.861448 0.254916 0.013374 0.018616
7 0.899305 0.220910 0.011914 0.018930
6 0.663512 0.375806 0.043628 0.048012
7 0.887059 0.194852 0.014330 0.016900
