1 0.549261 0.752174 0.901478 0.495652
5 0.802183 0.555514 0.173600 0.225640
2 0.187615 0.430252 0.076694 0.102891
3 0.440841 0.573374 0.117118 0.170760
2 0.880267 0.750345 0.115474 0.195590
7 0.815006 0.616602 0.020837 0.026271
7 0.163974 0.963558 0.030213 0.040690
3 0.237687 0.927992 0.224230 0.144016
7 0.770367 0.605722 0.015809 0.019963
4 0.875076 0.327803 0.249848 0.219449
7 0.783568 0.614806 0.016690 0.022009
2 0.241013 0.397496 0.067419 0.110381
7 0.776837 0.586398 0.016356 0.021051
7 0.795881 0.596428 0.018861 0.024268
7 0.749669 0.599342 0.016642 0.019735
