1 0.276217 0.821739 0.552434 0.356522
5 0.696469 0.484075 0.133679 0.168041
2 0.117944 0.610130 0.075565 0.129096
2 0.454078 0.627231 0.109439 0.129596
5 0.480571 0.474442 0.118346 0.155964
3 0.330686 0.951297 0.169674 0.097405
5 0.580123 0.478455 0.114329 0.151465
4 0.747984 0.211603 0.487864 0.136472
5 0.242767 0.489247 0.356424 0.279885
0 0.574546 0.474358 0.052929 0.037266
6 0.484017 0.458250 0.041586 0.044695
7 0.673603 0.470379 0.011759 0.016211
2 0.214185 0.483482 0.066188 0.059109
6 0.503036 0.508853 0.038160 0.040212
7 0.719935 0.514529 0.012437 0.018365
7 0.704711 0.520858 0.014921 0.023490
7 0.708638 0.484725 0.013898 0.018794
7 0.705928 0.470597 0.013960 0.018444
