1 0.445478 0.699130 0.803478 0.570435
2 0.693688 0.468019 0.112114 0.123254
2 0.510463 0.333023 0.072282 0.078007
2 0.200794 0.756001 0.160694 0.166668
3 0.179948 0.821989 0.134666 0.112985
2 0.329551 0.468827 0.083205 0.128224
5 0.699433 0.315270 0.127138 0.159971
5 0.923828 0.321181 0.152344 0.185760
5 0.811814 0.316633 0.133947 0.165102
5 0.407760 0.347372 0.347744 0.298590
3 0.667817 0.852652 0.189556 0.228437
3 0.653833 0.529453 0.120303 0.126580
4 0.882103 0.046572 0.235795 0.092897
3 0.305088 0.507823 0.069207 0.083969
2 0.360197 0.343993 0.071681 0.052896
6 0.692287 0.306103 0.035511 0.034682
7 0.927171 0.324526 0.011783 0.016918
7 0.928900 0.357013 0.013418 0.022509
7 0.946032 0.351521 0.015227 0.023800
7 0.935314 0.334418 0.011616 0.018767
6 0.693651 0.484089 0.048985 0.055759
