5 0.494667 0.598261 0.739710 0.483478
5 0.558435 0.329565 0.422029 0.144348
5 0.679014 0.927826 0.394203 0.144348
7 0.588580 0.984348 0.037101 0.031304
7 0.619690 0.918041 0.027859 0.021968
7 0.600903 0.956569 0.026533 0.023347
7 0.569979 0.928969 0.032123 0.025167
7 0.726648 0.979398 0.030831 0.025738
7 0.552519 0.965111 0.030899 0.023641
7 0.704451 0.973350 0.027243 0.021388
7 0.746654 0.958807 0.032453 0.024326
7 0.660877 0.943135 0.030806 0.024428
7 0.724901 0.994651 0.027291 0.010698
7 0.660479 0.961727 0.026406 0.023202
7 0.600401 0.928631 0.025071 0.020689
7 0.658116 0.965675 0.025812 0.018472
7 0.632475 0.959947 0.022620 0.020737
7 0.620363 0.944727 0.026372 0.021606
7 0.757331 0.943303 0.031970 0.024071
7 0.535836 0.980299 0.028037 0.023077
7 0.586503 0.914679 0.026683 0.021127
5 0.884057 0.588166 0.231342 0.514601
7 0.585680 0.942519 0.027789 0.022024
7 0.665445 0.990090 0.027932 0.019694
7 0.639974 0.908995 0.025611 0.020198
7 0.637986 0.926542 0.026175 0.020634
7 0.695732 0.993639 0.024595 0.012507
7 0.562529 0.985099 0.024788 0.022440
7 0.752255 0.994924 0.026703 0.010153
7 0.583721 0.972554 0.021902 0.017006
5 0.954755 0.935616 0.090461 0.124139
7 0.651557 0.887928 0.027609 0.021196
1 0.050133 0.786286 0.100008 0.386958
7 0.644320 0.996425 0.024904 0.007151
7 0.684862 0.960830 0.026392 0.021398
7 0.686475 0.946443 0.026690 0.015785
7 0.638516 0.996023 0.027183 0.007955
1 0.083707 0.789301 0.167278 0.383643
7 0.691238 0.991588 0.023043 0.015174
7 0.540585 0.975872 0.034922 0.029429
7 0.754550 0.917092 0.029458 0.019860
5 0.047300 0.512662 0.094599 0.168089
7 0.719192 0.929746 0.023399 0.015818
5 0.042580 0.587141 0.085160 0.345500
