5 0.323522 0.611304 0.350870 0.436522
2 0.311130 0.553913 0.070435 0.095652
2 0.367217 0.610435 0.067826 0.100870
2 0.273304 0.651304 0.067826 0.102609
5 0.558304 0.389565 0.293478 0.365217
3 0.646348 0.406087 0.070435 0.120000
3 0.571348 0.325217 0.058696 0.107826
3 0.521783 0.476522 0.084783 0.059130
3 0.544609 0.373043 0.065217 0.092174
5 0.932573 0.882353 0.134017 0.235293
5 0.771963 0.724705 0.323478 0.471416
3 0.608412 0.374714 0.057611 0.074249
3 0.511208 0.399710 0.050762 0.091506
2 0.362710 0.521739 0.052611 0.091459
