0 0.476116 0.604348 0.099710 0.046957
0 0.404232 0.616522 0.160000 0.088696
0 0.632638 0.529565 0.106667 0.144348
0 0.356696 0.440870 0.074203 0.050435
5 0.517686 0.532669 0.649402 0.502866
0 0.643521 0.641483 0.184102 0.067289
0 0.439139 0.466362 0.053409 0.101697
0 0.359153 0.533146 0.108355 0.080897
0 0.475355 0.546772 0.215673 0.045717
0 0.607857 0.645431 0.126552 0.071027
0 0.636434 0.698339 0.088310 0.052115
0 0.615829 0.641065 0.086633 0.037439
0 0.592480 0.454386 0.168836 0.037580
0 0.536535 0.496303 0.081646 0.063270
0 0.371411 0.533828 0.087512 0.061994
0 0.528055 0.641349 0.124495 0.059924
0 0.559566 0.594876 0.136896 0.083322
0 0.478587 0.645418 0.122723 0.053550
0 0.660911 0.580135 0.082942 0.077135
0 0.430920 0.582745 0.092602 0.056746
0 0.512818 0.605203 0.080542 0.047975
0 0.550907 0.522660 0.030298 0.055652
0 0.497433 0.604465 0.045231 0.045684
0 0.560080 0.417756 0.083810 0.038272
0 0.529234 0.416715 0.079450 0.040277
7 0.582204 0.489696 0.028047 0.022077
0 0.646348 0.505193 0.080263 0.090875
0 0.478264 0.574032 0.047334 0.042441
0 0.640104 0.615148 0.028485 0.042521
0 0.336404 0.501967 0.058509 0.145262
0 0.473514 0.626150 0.070997 0.027678
0 0.347581 0.647482 0.059608 0.034446
0 0.697226 0.651594 0.064455 0.030588
0 0.428632 0.644403 0.110989 0.050286
0 0.310851 0.656590 0.088826 0.042102
0 0.602794 0.549624 0.083375 0.113333
0 0.226622 0.774953 0.230538 0.071416
0 0.459586 0.470529 0.070546 0.095491
0 0.461202 0.575186 0.071343 0.038530
