7 0.493507 0.573913 0.078841 0.069565
3 0.557275 0.280870 0.169275 0.168696
5 0.575826 0.213913 0.679420 0.427826
5 0.202493 0.506957 0.313043 0.147826
3 0.870812 0.659130 0.258376 0.153043
3 0.726551 0.292174 0.178551 0.160000
3 0.421584 0.282187 0.162362 0.181817
3 0.425025 0.321011 0.130408 0.105877
7 0.194714 0.520595 0.023796 0.019313
7 0.234324 0.516498 0.023237 0.017648
7 0.152947 0.525619 0.021504 0.015273
5 0.155907 0.216699 0.311549 0.433398
7 0.285939 0.522776 0.024195 0.018278
7 0.206917 0.507219 0.024902 0.019897
7 0.178622 0.537482 0.027230 0.022591
7 0.139461 0.535730 0.019343 0.015088
3 0.646478 0.262146 0.070370 0.105119
7 0.271343 0.520003 0.020892 0.019610
7 0.257193 0.498414 0.022207 0.016671
7 0.171647 0.500737 0.020491 0.014894
5 0.646508 0.512269 0.087532 0.103453
7 0.175181 0.533810 0.024795 0.018474
