1 0.387435 0.728696 0.716087 0.542608
2 0.672435 0.520000 0.104348 0.135652
2 0.308522 0.468696 0.088696 0.123478
2 0.138304 0.746957 0.142174 0.161739
2 0.511348 0.356522 0.079565 0.073043
5 0.689391 0.355652 0.133043 0.158261
5 0.810043 0.368696 0.139565 0.170435
5 0.929956 0.383986 0.137725 0.175690
3 0.626651 0.578782 0.121599 0.122565
5 0.408127 0.375400 0.361190 0.303174
3 0.595261 0.900856 0.194173 0.198289
3 0.127407 0.804762 0.119334 0.090542
4 0.886364 0.071015 0.227075 0.139718
7 0.939800 0.429111 0.018746 0.022468
3 0.300897 0.513208 0.104798 0.083722
0 0.790191 0.367159 0.045950 0.034349
2 0.364358 0.355619 0.069474 0.050377
7 0.958171 0.421470 0.016290 0.018946
6 0.689589 0.348015 0.037276 0.037007
7 0.940584 0.391130 0.013221 0.016386
7 0.924285 0.424519 0.012701 0.016074
7 0.948625 0.401641 0.012166 0.018439
7 0.917809 0.411143 0.011283 0.015515
0 0.797962 0.408471 0.046822 0.045227
6 0.671596 0.533342 0.044114 0.051924
7 0.933001 0.374574 0.016728 0.018513
7 0.896590 0.373185 0.011384 0.015670
7 0.928907 0.399241 0.011104 0.014746
7 0.906889 0.380129 0.012216 0.017285
7 0.924472 0.398705 0.010803 0.013051
7 0.931690 0.399199 0.010164 0.015311
7 0.913367 0.427135 0.012363 0.017130
7 0.920169 0.407231 0.010887 0.014189
