5 0.454087 0.553913 0.551884 0.363478
7 0.524812 0.596522 0.034783 0.034783
7 0.458725 0.598261 0.037101 0.031304
7 0.619884 0.626087 0.053333 0.034783
7 0.385681 0.611304 0.030145 0.026087
7 0.539884 0.633043 0.041739 0.034783
7 0.443652 0.549565 0.034783 0.031304
5 0.338348 0.148696 0.676696 0.297391
7 0.558271 0.676037 0.054560 0.032417
7 0.369862 0.589682 0.040898 0.028238
7 0.452781 0.623035 0.037888 0.027710
5 0.915696 0.573671 0.168609 0.353349
7 0.414057 0.602145 0.042399 0.034340
7 0.350577 0.626442 0.050291 0.029973
7 0.405231 0.623216 0.035392 0.025376
7 0.511407 0.598407 0.038285 0.031309
7 0.429604 0.609382 0.035308 0.025239
7 0.476302 0.532528 0.038996 0.027189
5 0.856700 0.130748 0.286600 0.261217
7 0.397847 0.618473 0.033195 0.032616
7 0.423900 0.634941 0.031027 0.025653
7 0.734077 0.905360 0.056776 0.054555
7 0.507985 0.620198 0.036106 0.026011
7 0.563119 0.607768 0.029412 0.025871
7 0.537417 0.612481 0.034747 0.025944
