2 0.298087 0.658261 0.148696 0.168696
3 0.263522 0.738261 0.121304 0.133913
5 0.617000 0.506087 0.168261 0.226087
6 0.371205 0.446012 0.043876 0.046305
7 0.624058 0.567241 0.019083 0.027026
7 0.638271 0.550066 0.019264 0.025573
5 0.482042 0.483498 0.161110 0.215262
0 0.487915 0.469660 0.068520 0.048610
5 0.363581 0.466985 0.173269 0.209627
7 0.609504 0.474880 0.014424 0.019798
1 0.199977 0.802272 0.398001 0.395457
0 0.484408 0.529163 0.051413 0.066454
7 0.598799 0.513972 0.014389 0.018600
7 0.578379 0.557999 0.017043 0.023729
4 0.685134 0.137985 0.626222 0.189233
7 0.658585 0.576499 0.015992 0.022645
7 0.649821 0.500347 0.017999 0.022354
7 0.593461 0.557862 0.015742 0.022794
7 0.647686 0.560730 0.011968 0.020021
7 0.649600 0.475197 0.015902 0.020859
7 0.609327 0.544202 0.014751 0.020073
7 0.617239 0.523333 0.016153 0.022976
7 0.655892 0.541945 0.013518 0.020890
7 0.585362 0.546469 0.017322 0.025122
7 0.588320 0.503863 0.016323 0.022105
0 0.503155 0.532144 0.014966 0.056412
7 0.623976 0.542098 0.014630 0.019412
7 0.589120 0.478072 0.013455 0.016729
7 0.620402 0.503534 0.011035 0.015096
7 0.607079 0.558564 0.015776 0.020663
7 0.638089 0.528571 0.013151 0.016247
7 0.621134 0.498259 0.011015 0.013994
7 0.584265 0.556685 0.019850 0.025584
