4 0.396116 0.645043 0.765217 0.709913
2 0.471478 0.359652 0.238841 0.149565
7 0.311478 0.415304 0.034783 0.041739
7 0.455246 0.452696 0.053333 0.033043
7 0.226841 0.822261 0.064928 0.041739
7 0.047130 0.767478 0.048696 0.050435
2 0.164435 0.884000 0.328870 0.179130
3 0.405391 0.404000 0.139130 0.099130
6 0.458725 0.364000 0.092754 0.067826
7 0.443453 0.383290 0.041645 0.033528
7 0.254683 0.165246 0.030210 0.023291
7 0.451698 0.379884 0.067018 0.038182
7 0.354565 0.356003 0.027138 0.026721
0 0.437341 0.132634 0.109033 0.053318
7 0.139325 0.955908 0.052858 0.035987
2 0.946803 0.066560 0.068400 0.043224
7 0.203449 0.103808 0.020749 0.015210
7 0.158776 0.150273 0.025821 0.018531
4 0.945783 0.680833 0.108302 0.574411
