10 0.356696 0.552696 0.176232 0.104348
10 0.701043 0.537043 0.081159 0.048696
10 0.436696 0.335304 0.076522 0.041739
10 0.626841 0.341391 0.081159 0.046957
10 0.564232 0.284000 0.062609 0.043478
10 0.414667 0.297043 0.051014 0.031304
10 0.610825 0.512596 0.087847 0.060495
10 0.384945 0.374575 0.072783 0.050149
10 0.524169 0.514544 0.098685 0.077317
10 0.740439 0.498750 0.085721 0.060157
10 0.705320 0.271829 0.079693 0.046502
10 0.434753 0.452707 0.086416 0.056613
10 0.601249 0.435313 0.085809 0.053161
10 0.684379 0.323768 0.064447 0.040589
10 0.654964 0.536235 0.057168 0.058882
10 0.718413 0.300456 0.064088 0.035211
10 0.826869 0.493651 0.101345 0.082046
10 0.272866 0.443092 0.091227 0.056886
10 0.646920 0.282985 0.061105 0.036682
10 0.717385 0.574137 0.097637 0.050358
10 0.808983 0.323480 0.050941 0.038265
10 0.805731 0.446680 0.080644 0.053185
10 0.470952 0.300685 0.067535 0.037338
10 0.358276 0.297105 0.064889 0.036296
10 0.238863 0.513928 0.085268 0.057885
10 0.767727 0.580951 0.071225 0.060559
