1 0.386783 0.508696 0.597391 0.940870
7 0.880189 0.404873 0.027138 0.033071
7 0.920220 0.450758 0.025866 0.032968
10 0.937488 0.660839 0.029576 0.037693
10 0.934278 0.635813 0.043773 0.042060
10 0.880488 0.404412 0.026997 0.035680
10 0.572333 0.661359 0.027156 0.035818
7 0.860656 0.438278 0.025405 0.033028
7 0.129154 0.318717 0.017802 0.024434
3 0.295698 0.129390 0.117875 0.207938
7 0.085462 0.385232 0.020962 0.030048
3 0.634428 0.160381 0.114519 0.232464
10 0.885767 0.474429 0.022308 0.027998
7 0.114422 0.325593 0.017714 0.026732
5 0.913277 0.670713 0.173446 0.352820
7 0.912904 0.490108 0.023560 0.029157
7 0.102282 0.396826 0.021294 0.029102
7 0.897001 0.454118 0.024262 0.033142
10 0.048033 0.530643 0.024786 0.033452
5 0.060437 0.577312 0.120874 0.311038
5 0.903259 0.393378 0.192233 0.287009
7 0.890705 0.494835 0.021948 0.028665
7 0.885571 0.475640 0.022153 0.027975
10 0.890477 0.495137 0.021111 0.026807
10 0.881229 0.601197 0.033691 0.038714
7 0.096152 0.391619 0.027112 0.033565
7 0.964678 0.330694 0.016953 0.023649
7 0.855804 0.479330 0.020558 0.026373
3 0.012506 0.651054 0.024876 0.070616
10 0.012031 0.599390 0.024017 0.036029
