1 0.774826 0.405217 0.431739 0.375652
5 0.397217 0.490435 0.166957 0.250435
5 0.301348 0.328696 0.144783 0.184348
5 0.490478 0.328696 0.165652 0.267826
3 0.478087 0.579130 0.109565 0.149565
3 0.257000 0.551304 0.090000 0.121739
3 0.189826 0.545217 0.088696 0.109565
3 0.287652 0.483478 0.070435 0.090435
2 0.726618 0.517307 0.094389 0.086971
3 0.375699 0.348632 0.050150 0.064577
0 0.696324 0.094606 0.030498 0.032942
2 0.510134 0.395731 0.071782 0.076909
2 0.539063 0.701561 0.046691 0.113345
3 0.502659 0.511453 0.071542 0.098074
2 0.470442 0.317873 0.036331 0.082254
2 0.992603 0.471388 0.014765 0.061535
2 0.670461 0.077855 0.039923 0.044736
3 0.241840 0.408618 0.042637 0.058044
6 0.730256 0.527006 0.031712 0.037640
2 0.749386 0.050866 0.051777 0.045909
