10 0.416985 0.427478 0.037101 0.031304
10 0.560754 0.413565 0.027826 0.024348
10 0.492348 0.394435 0.030145 0.027826
10 0.421623 0.549217 0.041739 0.024348
10 0.392960 0.457030 0.041199 0.027700
10 0.428403 0.373248 0.042395 0.031061
10 0.435299 0.485516 0.062026 0.040446
10 0.539966 0.388050 0.029931 0.020791
10 0.390199 0.489413 0.045636 0.038033
10 0.424011 0.489130 0.046156 0.041176
10 0.429374 0.395948 0.030803 0.023613
10 0.455718 0.391162 0.027862 0.021926
10 0.527269 0.400413 0.030101 0.023419
10 0.586670 0.414734 0.031000 0.024114
10 0.455027 0.452187 0.033940 0.025691
10 0.444430 0.439123 0.026871 0.020451
