5 0.457217 0.549565 0.164348 0.313043
5 0.278522 0.347826 0.172174 0.243478
5 0.525043 0.306087 0.226957 0.340870
3 0.296130 0.665217 0.113478 0.147826
3 0.587652 0.653043 0.122609 0.168696
3 0.201876 0.667491 0.113317 0.141411
2 0.562719 0.397056 0.089614 0.091497
3 0.205804 0.499524 0.083541 0.134506
3 0.366163 0.365261 0.060119 0.081352
1 0.781617 0.503278 0.434226 0.733820
3 0.584994 0.542568 0.102281 0.110242
2 0.862220 0.523958 0.101571 0.125336
7 0.854617 0.525039 0.042203 0.045096
7 0.855329 0.523323 0.030846 0.036938
3 0.308660 0.572891 0.102645 0.113415
2 0.471937 0.300994 0.041033 0.097993
2 0.562650 0.337060 0.081305 0.068500
2 0.569009 0.051245 0.026998 0.030610
2 0.653555 0.032932 0.024242 0.035192
3 0.277386 0.509047 0.040771 0.045470
3 0.320303 0.509120 0.060772 0.061815
3 0.421653 0.377311 0.059303 0.062674
